0
1000	105.6583745	100000000000000.1
5	0	0	1
5	0	0	0
4.673998997513734	0.01808795620386528
4.701574977808284	0.01807602326090112
4.729150958102834	0.01806236240293057
4.756726938397384	0.01804720411531755
4.784302918691934	0.01803073786016153
4.811878898986484	0.01801314774342141
4.839454879281035	0.01799459978163667
4.867030859575585	0.0179737793607956
4.894606839870135	0.01795396196284048
4.922182820164685	0.01793354520887106
4.949758800459235	0.01791248849733295
4.977334780753785	0.01789096697776261
5.004910761048335	0.01786904892701206
5.032486741342885	0.0178466123055368
5.060062721637435	0.01782381884143384
5.087638701931986	0.01780071310327606
5.115214682226536	0.01777732909313545
5.142790662521086	0.01775369598873827
5.170366642815636	0.01772982080325634
5.197942623110186	0.01770575502582021
5.225518603404736	0.0176815699688118
5.253094583699286	0.01765557547789737
5.280670563993836	0.01763125864940751
5.308246544288386	0.01760707314568061
5.335822524582936	0.01758275778227922
5.363398504877487	0.01755811323076343
5.390974485172037	0.01753332233241816
5.418550465466587	0.01750841281005608
5.446126445761137	0.01748340530661167
5.473702426055687	0.01745832550357844
5.501278406350237	0.01743315857400261
5.528854386644787	0.01740795290196255
5.556430366939337	0.01738272515678747
5.584006347233887	0.01735741516272679
5.611582327528438	0.01733208470782194
5.639158307822988	0.01730577959472271
5.666734288117538	0.0172805899880838
5.694310268412088	0.01725542905781635
5.721886248706638	0.01723021577529944
5.749462229001188	0.01720495685008864
5.777038209295738	0.01717971041594562
5.804614189590288	0.01715444038271221
5.832190169884838	0.01712917022949219
5.859766150179389	0.01710392708165806
5.887342130473939	0.01707874117020103
5.914918110768489	0.01705352354062454
5.942494091063039	0.01702831497709274
5.970070071357589	0.01700313694789899
5.997646051652139	0.01697621866512935
6.025222031946689	0.01695163422862208
6.052798012241239	0.01692678477814636
6.080373992535789	0.01690204791728216
6.107949972830339	0.01687727342678823
6.13552595312489	0.01685251302774216
6.16310193341944	0.01682777827231451
6.19067791371399	0.01680308170398408
6.21825389400854	0.01677842372586017
6.24582987430309	0.01675380582005706
6.27340585459764	0.01672922801895501
6.30098183489219	0.01670469086381364
6.32855781518674	0.01668018418178645
6.35613379548129	0.0166557334073564
6.383709775775841	0.01663005403598214
6.411285756070391	0.01660583976948055
6.438861736364941	0.01658198003930545
6.466437716659491	0.01655796762563236
6.494013696954041	0.01653397845405872
6.521589677248591	0.01651003562450444
6.549165657543141	0.01648610201295793
6.576741637837691	0.01646221587664768
6.604317618132241	0.01643836985481191
6.631893598426791	0.01641456386623128
6.659469578721342	0.0163907971947739
6.687045559015892	0.01636705790935809
6.714621539310442	0.01634234054213888
6.742197519604992	0.01631906906889251
6.769773499899542	0.01629557467231655
6.797349480194092	0.01627218753361932
6.824925460488642	0.01624881797211384
6.852501440783192	0.01622547104137203
6.880077421077742	0.01620219645573927
6.907653401372293	0.01617888564684636
6.935229381666843	0.0161556339297953
6.962805361961393	0.01613241929138269
6.990381342255943	0.01610923838087662
7.017957322550493	0.0160860821848545
7.045533302845043	0.01606296726002105
7.073109283139593	0.01603854240601018
7.100685263434143	0.01601583833306985
7.128261243728693	0.01599314520473027
7.155837224023244	0.0159704310210513
7.183413204317794	0.01594772188201394
7.210989184612344	0.01592503211124614
7.238565164906894	0.01590238056058368
7.266141145201444	0.01587973457996938
7.293717125495994	0.0158571179520944
7.321293105790544	0.01583453075922346
7.348869086085094	0.0158119694276782
7.376445066379644	0.01578942166443436
7.404021046674194	0.01576560132657147
7.431597026968745	0.01574342176830869
7.459173007263295	0.01572130286776782
7.486748987557845	0.01569914593301241
7.514324967852395	0.01567699515614953
7.541900948146945	0.01565485375492396
7.569476928441495	0.01563275844545951
7.597052908736045	0.01561063089561214
7.624628889030595	0.01558854557384829
7.652204869325145	0.01556648380268515
7.679780849619696	0.01554444209740245
7.707356829914246	0.01552239571147463
7.734932810208796	0.01549964703339752
7.762508790503346	0.01547785906823609
7.790084770797896	0.01545610350381306
7.817660751092446	0.01543433862847217
7.845236731386996	0.0154125835285419
7.872812711681546	0.01539083877118773
7.900388691976096	0.01536915808626868
7.927964672270646	0.0153474048418814
7.955540652565197	0.01532570625269845
7.983116632859747	0.01530402755402896
8.010692613154298	0.01528234045873048
8.038268593448848	0.01525929036266983
8.065844573743398	0.01523798281295799
8.093420554037948	0.01521676077186712
8.120996534332498	0.01519544644197749
8.148572514627048	0.01517412433854452
8.176148494921598	0.01515280338001217
8.203724475216148	0.01513148762038172
8.231300455510699	0.01511019814594513
8.258876435805249	0.01508890234378868
8.286452416099799	0.01506762283542453
8.314028396394349	0.01504635968447155
8.341604376688899	0.01502358317634267
8.369180356983449	0.01500219508208867
8.396756337277999	0.0149818790392132
8.424332317572549	0.01496095973331084
8.451908297867099	0.01494002221915119
8.47948427816165	0.01491908223694128
8.5070602584562	0.01489814512636529
8.53463623875075	0.01487671564679494
8.5622122190453	0.01485630062924129
8.58978819933985	0.01483538924410058
8.6173641796344	0.01481449116218571
8.64494015992895	0.01479269231002904
8.6725161402235	0.01477200951359096
8.70009212051805	0.01475140680087999
8.7276681008126	0.01473073064315826
8.755244081107151	0.01471004729486417
8.782820061401701	0.01468936504053288
8.810396041696251	0.01466868714501012
8.837972021990801	0.01464798982651963
8.865548002285351	0.01462736202221075
8.893123982579901	0.01460670582031817
8.920699962874451	0.01458605514385281
8.948275943169001	0.0145641902827804
8.975851923463551	0.01454388722386907
9.003427903758102	0.0145235898621665
9.031003884052652	0.01450325056367801
9.058579864347202	0.0144828985262026
9.086155844641752	0.01446254407412476
9.113731824936302	0.01444218891130559
9.141307805230852	0.01442187199830273
9.168883785525402	0.01440150404095081
9.196459765819952	0.01438116596576085
9.224035746114502	0.01436082768446239
9.251611726409052	0.01434050973699423
9.279187706703603	0.01432019940360829
9.306763686998153	0.01429989647336845
9.334339667292703	0.01427960090679754
9.361915647587253	0.01425931238045671
9.389491627881803	0.01423903067820368
9.417067608176353	0.01421875381648984
9.444643588470903	0.01419849326314904
9.472219568765453	0.01417823085744543
9.499795549060003	0.01415797638445753
9.527371529354554	0.0141377290204834
9.554947509649104	0.0141174880637267
9.582523489943654	0.01409725347861785
9.610099470238204	0.01407702512973878
9.637675450532754	0.01405680293822117
9.665251430827304	0.01403658664166906
9.692827411121854	0.0140163749010185
9.720403391416404	0.01399618433952377
9.747979371710954	0.01397597990600193
9.775555352005505	0.01395578659085781
9.803131332300055	0.01393560140663874
9.830707312594605	0.01391542222568012
9.858283292889155	0.01389524899656996
9.885859273183705	0.01387508152546188
9.913435253478255	0.0138549203839016
9.941011233772805	0.01383476498925937
9.968587214067355	0.01381461550359761
9.996163194361905	0.0137944719581006
10.02373917465646	0.0137743343233273
10.05131515495101	0.01375420290969508
10.07889113524556	0.01373407720258984
10.10646711554011	0.01371395739027794
10.13404309583466	0.01369384348544984
10.16161907612921	0.01367373567383203
10.18919505642376	0.01365363379229967
10.21677103671831	0.01363353792576621
10.24434701701286	0.01361344809449504
10.27192299730741	0.0135933643294233
10.29949897760196	0.01357328667516993
10.32707495789651	0.01355321531367269
10.35465093819106	0.01353314987417615
10.38222691848561	0.0135130907745429
10.40980289878016	0.0134930374436551
10.43737887907471	0.01347299111378929
10.46495485936926	0.01345295078669621
10.49253083966381	0.01343291669909929
10.52010681995836	0.013412888712401
10.54768280025291	0.01339286784728423
10.57525878054746	0.01337285311208225
10.60283476084201	0.01335284501932557
10.63041074113656	0.01333284332187088
10.65798672143111	0.01331284822743145
10.68556270172566	0.01329285995776151
10.71313868202021	0.01327287830603704
10.74071466231476	0.01325290344141259
10.76829064260931	0.01323293530288418
10.79586662290386	0.01321297415348439
10.82344260319841	0.01319301976823281
10.85101858349296	0.0131730724221622
10.87859456378751	0.01315313213716819
10.90617054408206	0.01313319883968723
10.93374652437661	0.01311327263549213
10.96132250467116	0.01309335357772713
10.98889848496571	0.01307344187669411
11.01647446526026	0.01305353730301328
11.04405044555481	0.01303364011621047
11.07162642584936	0.01301375024642431
11.09920240614391	0.01299386785289416
11.12677838643846	0.01297399288184828
11.15435436673301	0.01295412542378213
11.18193034702756	0.01293426553350069
11.20950632732211	0.01291441322172824
11.23708230761666	0.01289456857939324
11.26465828791121	0.01287473177572499
11.29223426820576	0.01285490264488451
11.31981024850031	0.01283508129051349
11.34738622879486	0.01281526778051402
11.37496220908941	0.01279546215620896
11.40253818938396	0.0127756644386169
11.43011416967851	0.01275587467954905
11.45769014997306	0.01273609292724232
11.48526613026761	0.01271631917157312
11.51284211056216	0.01269655357734567
11.54041809085671	0.0126767961745916
11.56799407115126	0.01265704685012431
11.59557005144581	0.01263730563991422
11.62314603174036	0.01261757284308936
11.65072201203491	0.01259784823474671
11.67829799232946	0.01257813188722667
11.70587397262401	0.01255842381842064
11.73344995291856	0.01253872417305125
11.76102593321311	0.01251903285958865
11.78860191350766	0.0124993500255929
11.81617789380221	0.01247967566823795
11.84375387409676	0.01246000974947181
11.87132985439131	0.01244035231963153
11.89890583468586	0.01242070340504032
11.92648181498041	0.0124010630599901
11.95405779527496	0.01238143124382573
11.98163377556951	0.01236180801361746
12.00920975586406	0.01234219340545252
12.03678573615861	0.01232258746070921
12.06436171645316	0.01230299023006044
12.09193769674771	0.01228340162320337
12.11951367704226	0.01226382170711193
12.14708965733681	0.01224425049567854
12.17466563763136	0.01222468801047395
12.20224161792591	0.01220513428605017
12.22981759822046	0.01218558928773652
12.25739357851501	0.01216605399420443
12.28496955880956	0.01214652561731509
12.31254553910411	0.01212700700178581
12.34012151939866	0.0121074972370667
12.36769749969321	0.012087996307885
12.39527347998776	0.01206850428701164
12.42284946028231	0.01204902086351236
12.45042544057686	0.01202954642029494
12.47800142087141	0.0120100808467833
12.50557740116597	0.01199062414953567
12.53315338146052	0.01197117631193032
12.56072936175507	0.01195173737360009
12.58830534204962	0.01193230726975269
12.61588132234417	0.01191288629312443
12.64345730263872	0.01189347401028184
12.67103328293327	0.01187407066873091
12.69860926322782	0.01185467623728902
12.72618524352237	0.01183529077529919
12.75376122381692	0.01181591421396824
12.78133720411147	0.01179654656777141
12.80891318440602	0.01177718786028559
12.83648916470057	0.01175783815877775
12.86406514499512	0.01173849732923132
12.89164112528967	0.01171916545646176
12.91921710558422	0.01169984248935901
12.94679308587877	0.01168052847563657
12.97436906617332	0.01166122340590612
13.00194504646787	0.01164192727108591
13.02952102676242	0.01162264007401134
13.05709700705697	0.01160336180295608
13.08467298735152	0.01158409249268939
13.11224896764607	0.01156483213344138
13.13982494794062	0.01154558068961244
13.16740092823517	0.01152633816632994
13.19497690852972	0.011507104618955
13.22255288882427	0.01148787996214211
13.25012886911882	0.01146866424825081
13.27770484941337	0.01144945746552218
13.30528082970792	0.01143025960058527
13.33285681000247	0.01141107065358939
13.36043279029702	0.01139189062093421
13.38800877059157	0.01137271950944377
13.41558475088612	0.01135355729820292
13.44316073118067	0.01133440400391318
13.47073671147522	0.01131525961628676
13.49831269176977	0.01129612410615974
13.52588867206432	0.0112769974931349
13.55346465235887	0.01125787977338617
13.58104063265342	0.01123877093780846
13.60861661294797	0.01121967094445346
13.63619259324252	0.01120057989147094
13.66376857353707	0.01118149766510282
13.69134455383162	0.01116242431966456
13.71892053412617	0.01114335982985909
13.74649651442072	0.01112430420142614
13.77407249471527	0.01110525739388111
13.80164847500982	0.01108621945051986
13.82922445530437	0.01106719032387731
13.85680043559892	0.01104817002854303
13.88437641589347	0.01102915855919962
13.91195239618802	0.01101015590713003
13.93952837648257	0.0109911620711477
13.96710435677712	0.01097217703396134
13.99468033707167	0.01095320078684977
14.02225631736622	0.0109342333460896
14.04983229766077	0.01091527468426339
14.07740827795532	0.01089632480288863
14.10498425824987	0.01087738369460374
14.13256023854442	0.01085845133189898
14.16013621883897	0.01083952773745879
14.18771219913352	0.01082061294277337
14.21528817942807	0.01080170677672164
14.24286415972262	0.01078280939687928
14.27044014001717	0.01076392103955497
14.29801612031172	0.01074504085206465
14.32559210060627	0.01072616965532334
14.35316808090082	0.01070730716305378
14.38074406119537	0.01068845335319282
14.40832004148992	0.01066960824354243
14.43589602178447	0.01065077182948021
14.46347200207902	0.01063194410011335
14.49104798237357	0.01061312498442452
14.51862396266812	0.01059431456328378
14.54619994296267	0.01057551281394494
14.57377592325722	0.01055671969318769
14.60135190355177	0.01053793521242866
14.62892788384632	0.01051915934905887
14.65650386414087	0.01050039212805327
14.68407984443542	0.01048163352057237
14.71165582472997	0.01046288349080394
14.73923180502452	0.01044414209752905
14.76680778531907	0.01042540895102516
14.79438376561362	0.01040668504600267
14.82195974590817	0.01038796937847615
14.84953572620272	0.01036926230803138
14.87711170649727	0.01035056371787418
14.90468768679182	0.01033187373565842
14.93226366708637	0.01031319229465804
14.95983964738092	0.01029451938555478
14.98741562767547	0.01027585499529073
15.01499160797002	0.01025719920792001
15.04256758826457	0.01023855178372442
15.07014356855912	0.01021991292498192
15.09771954885368	0.01020128256445471
15.12529552914823	0.01018266069493818
15.15287150944278	0.01016404728039616
15.18044748973733	0.01014544235259508
15.20802347003188	0.01012684588654294
15.23559945032643	0.01010825786827996
15.26317543062098	0.01008967828088799
15.29075141091553	0.01007110715374337
15.31832739121008	0.01005254444611278
15.34590337150463	0.01003399015791823
15.37347935179918	0.01001544432652151
15.40105533209373	0.009996906805304741
15.42863131238828	0.009978377736076465
15.45620729268283	0.009959857040441444
15.48378327297738	0.009941344748681569
15.51135925327193	0.00992284080494402
15.53893523356648	0.009904345200282768
15.56651121386103	0.009885857993449172
15.59408719415558	0.009867379120381905
15.62166317445013	0.009848908575341347
15.64923915474468	0.009830446370054206
15.67681513503923	0.009811992475965594
15.70439111533378	0.009793546944018931
15.73196709562833	0.009775109655854144
15.75954307592288	0.009756680671462244
15.78711905621743	0.009738259994942881
15.81469503651198	0.009719847589882693
15.84227101680653	0.009701443451620322
15.86984699710108	0.009683047613004097
15.89742297739563	0.009664660009420737
15.92499895769018	0.009646280667124932
15.95257493798473	0.009627909553493416
15.98015091827928	0.009609546731941357
16.00772689857383	0.009591191994343277
16.03530287886838	0.009572845568322344
16.06287885916293	0.0095545079708682
16.09045483945748	0.009536177317075026
16.11803081975203	0.009517855470218894
16.14560680004658	0.009499541841392324
16.17318278034113	0.00948123637255832
16.20075876063568	0.009462939115525891
16.22833474093023	0.009444649920017175
16.25591072122478	0.009426368935895702
16.28348670151933	0.009408096076595034
16.31106268181388	0.009389831371836141
16.33863866210843	0.00937157482668902
16.36621464240298	0.009353326369198117
16.39379062269753	0.009335086032281595
16.42136660299208	0.009316853803762041
16.44894258328663	0.009298629674417502
16.47651856358118	0.009280413633086773
16.50409454387573	0.009262205668045986
16.53167052417028	0.009244005821002333
16.55924650446483	0.009225813997978158
16.58682248475938	0.009207630230936362
16.61439846505393	0.009189454543470114
16.64197444534848	0.009171286908461501
16.66955042564303	0.009153127272203417
16.69712640593758	0.009134976273659747
16.72470238623213	0.009116831849287924
16.75227836652668	0.009098696553099951
16.77985434682123	0.009080569010527168
16.80743032711578	0.009062449470792803
16.83500630741033	0.009044337882373497
16.86258228770488	0.009026234349143068
16.89015826799943	0.009008138729946736
16.91773424829398	0.008990051137965303
16.94531022858853	0.008971971481351804
16.97288620888308	0.008953899780016936
17.00046218917763	0.008935836023269687
17.02803816947218	0.008917780218104368
17.05561414976673	0.008899732318291189
17.08319013006128	0.008881692371527854
17.11076611035583	0.008863660311471389
17.13834209065038	0.008845636185865877
17.16591807094493	0.00882761997052775
17.19349405123948	0.008809611628624319
17.22107003153403	0.008791611186122318
17.24864601182858	0.008773618630956801
17.27622199212313	0.008755633931207494
17.30379797241768	0.00873765710496778
17.33137395271223	0.008719688142074957
17.35894993300678	0.008701727031243995
17.38652591330133	0.00868377376621423
17.41410189359588	0.008665828341489306
17.44167787389043	0.008647890747174069
17.46925385418498	0.008629961877773226
17.49682983447953	0.008612038999755246
17.52440581477408	0.008594124861882336
17.55198179506863	0.008576218470352066
17.57955777536318	0.008558319922669862
17.60713375565773	0.008540429150072184
17.63470973595228	0.008522546167691308
17.66228571624683	0.008504670956988395
17.68986169654139	0.00848680346108544
17.71743767683594	0.008468943801578204
17.74501365713049	0.008451091863649783
17.77258963742504	0.008433247670182805
17.80016561771959	0.008415411205807331
17.82774159801414	0.008397582456600463
17.85531757830869	0.008379761530570563
17.88289355860324	0.008361948181798444
17.91046953889779	0.008344142602771562
17.93804551919234	0.008326344725254346
17.96562149948689	0.008308554540979712
17.99319747978144	0.008290772047562012
18.02077346007599	0.008272997235019737
18.04834944037054	0.008255230091986058
18.07592542066509	0.00823747062329263
18.10350140095964	0.008219718814345602
18.13107738125419	0.008201974672457691
18.15865336154874	0.008184238017996654
18.18622934184329	0.008166509267177824
18.21380532213784	0.008148788028048809
18.24138130243239	0.008131074474307765
18.26895728272694	0.008113368419583602
18.29653326302149	0.008095670035603356
18.32410924331604	0.00807797925831966
18.35168522361059	0.008060296056826583
18.37926120390514	0.008042620478644916
18.40683718419969	0.008024952477140451
18.43441316449424	0.008007292047648969
18.46198914478879	0.007989639202554218
18.48956512508334	0.007971993891441051
18.51714110537789	0.007954356151432173
18.54471708567244	0.007936725966956963
18.57229306596699	0.007919103299027798
18.59986904626154	0.007901488208370588
18.62744502655609	0.007883880636619394
18.65502100685064	0.007866280575115852
18.68259698714519	0.007848688035666926
18.71017296743974	0.00783110300397661
18.73774894773429	0.007813525471636157
18.76532492802884	0.00779595543288771
18.79290090832339	0.007778392887828694
18.82047688861794	0.007760837824319385
18.84805286891249	0.007743290232456854
18.87562884920704	0.007725750115359581
18.90320482950159	0.007708217460608601
18.93078080979614	0.007690692247174318
18.95835679009069	0.007673174497805735
18.98593277038524	0.007655664176649266
19.01350875067979	0.00763816129658927
19.04108473097434	0.007620665843091796
19.06866071126889	0.007603177810662725
19.09623669156344	0.007585697184084616
19.12381267185799	0.007568223978941111
19.15138865215254	0.007550758162093295
19.17896463244709	0.007533299748073955
19.20654061274164	0.007515848711146847
19.23411659303619	0.00749840509709488
19.26169257333074	0.007480968793190679
19.28926855362529	0.007463539829431795
19.31684453391984	0.007446118333338156
19.34442051421439	0.007428704175139134
19.37199649450894	0.007411297306932554
19.39957247480349	0.007393897768918399
19.42714845509804	0.007376505585369451
19.45472443539259	0.007359120749219478
19.48230041568714	0.007341743225876517
19.50987639598169	0.007324372988880642
19.53745237627624	0.007307010085090842
19.56502835657079	0.007289654473289109
19.59260433686534	0.007272306157623238
19.62018031715989	0.007254965135790217
19.64775629745444	0.007237631385386791
19.67533227774899	0.007220304892665013
19.70290825804354	0.007202985687717642
19.73048423833809	0.007185673710393943
19.75806021863264	0.007168369020120371
19.78563619892719	0.007151071562735214
19.81321217922174	0.007133781349581297
19.84078815951629	0.007116498363967882
19.86836413981084	0.007099222605659322
19.89594012010539	0.007081954061682994
19.92351610039994	0.007064692732966786
19.95109208069449	0.00704743861481735
19.97866806098904	0.007030191688664678
20.00624404128359	0.007012951889009598
20.03382002157814	0.006995719432410545
20.06139600187269	0.006978494045448409
20.08897198216724	0.006961275860484133
20.11654796246179	0.006944064827088891
20.14412394275634	0.006926860965097382
20.17169992305089	0.006909664230394239
20.19927590334544	0.00689247468182595
20.22685188363999	0.006875292251037386
20.25442786393454	0.006858116955639615
20.2820038442291	0.006840948785862765
20.30957982452365	0.006823787733244012
20.3371558048182	0.006806633794849881
20.36473178511275	0.006789486971985068
20.3923077654073	0.006772347233936241
20.41988374570185	0.006755214590557137
20.4474597259964	0.006738089042338668
20.47503570629095	0.006720970576814548
20.5026116865855	0.006703859171168704
20.53018766688005	0.00668675484505018
20.5577636471746	0.006669657578893759
20.58533962746915	0.006652567363953196
20.6129156077637	0.006635484199465064
20.64049158805825	0.006618408115065677
20.6680675683528	0.006601339018961555
20.69564354864735	0.006584276930530688
20.7232195289419	0.006567221891318291
20.75079550923645	0.006550173874108154
20.778371489531	0.006533132867400464
20.80594746982555	0.00651609887354318
20.8335234501201	0.006499071972720824
20.86109943041465	0.006482051850492556
20.8886754107092	0.006465038819881799
20.91625139100375	0.006448032777474328
20.9438273712983	0.006431033705433626
20.97140335159285	0.00641404161147677
20.9989793318874	0.006397056416877785
21.02655531218195	0.006380078274455784
21.0541312924765	0.006363107045004271
21.08170727277105	0.006346142761380606
21.1092832530656	0.006329185408662789
21.13685923336015	0.006312235000214673
21.1644352136547	0.006295291837358262
21.19201119394925	0.006278354951010916
21.2195871742438	0.006261425308137267
21.24716315453835	0.006244502597322561
21.2747391348329	0.006227586742196642
21.30231511512745	0.006210677809917834
21.329891095422	0.006193775786341984
21.35746707571655	0.006176880645545734
21.3850430560111	0.006159992384477777
21.41261903630565	0.006143111019392271
21.4401950166002	0.006126236522995761
21.46777099689475	0.006109368898586029
21.4953469771893	0.0060925081315747
21.52292295748385	0.006075654187953711
21.5504989377784	0.006058807165513521
21.57807491807295	0.006041966967223172
21.6056508983675	0.006025133612125487
21.63322687866205	0.006008307097481876
21.6608028589566	0.005991487422869357
21.68837883925115	0.005974674578135812
21.7159548195457	0.005957868551585907
21.74353079984025	0.005941069387440119
21.7711067801348	0.005924277452418271
21.79868276042935	0.005907491385438002
21.8262587407239	0.005890712622198829
21.85383472101845	0.005873940661247029
21.881410701313	0.005857175487157021
21.90898668160755	0.005840417126068135
21.9365626619021	0.005823665544110658
21.96413864219665	0.005806920748189612
21.9917146224912	0.005790182731734732
22.01929060278575	0.005773451488380228
22.0468665830803	0.005756727028489629
22.07444256337485	0.005740009307403715
22.1020185436694	0.005723298366346392
22.12959452396395	0.005706594181717295
22.1571705042585	0.005689896750774288
22.18474648455305	0.005673206033332828
22.2123224648476	0.005656521864853298
22.23989844514215	0.005639844894801897
22.2674744254367	0.005623174426014631
22.29505040573125	0.005606510685187498
22.3226263860258	0.005589853657186111
22.35020236632035	0.005573203361105421
22.3777783466149	0.005556559778023783
22.40535432690945	0.0055399228971831
22.432930307204	0.005523292729270217
22.46050628749855	0.005506669260677651
22.4880822677931	0.005490052486723128
22.51565824808765	0.005473442403858959
22.5432342283822	0.005456839010273712
22.57081020867675	0.005440242278505752
22.5983861889713	0.005423652253611942
22.62596216926585	0.005407068886249807
22.6535381495604	0.005390492172789914
22.68111412985495	0.005373922137233682
22.7086901101495	0.005357358756443188
22.73626609044405	0.005340802021702812
22.7638420707386	0.005324251937535202
22.79141805103315	0.00530770849745736
22.8189940313277	0.005291171687977831
22.84657001162225	0.005274641515696431
22.87414599191681	0.005258117954054866
22.90172197221136	0.005241601046714272
22.92929795250591	0.005225090741561091
22.95687393280046	0.005208587049822129
22.98444991309501	0.005192089964996394
23.01202589338956	0.005175599486137049
23.03960187368411	0.005159115573550855
23.06717785397866	0.005142638292214519
23.09475383427321	0.005126167587007967
23.12232981456776	0.005109703467751737
23.14990579486231	0.005093245911375803
23.17748177515686	0.005076794937626797
23.20505775545141	0.005060350531850131
23.23263373574596	0.005043912688248086
23.26020971604051	0.00502748139443157
23.28778569633506	0.005011056662149675
23.31536167662961	0.004994638467944941
23.34293765692416	0.004978226822183809
23.37051363721871	0.004961821720411102
23.39808961751326	0.004945423116102298
23.42566559780781	0.004929031080068276
23.45324157810236	0.00491264555679471
23.48081755839691	0.004896266531493072
23.50839353869146	0.00487989403092124
23.53596951898601	0.004863528035478844
23.56354549928056	0.004847168550609429
23.59112147957511	0.004830815541438137
23.61869745986966	0.004814469027583509
23.64627344016421	0.004798129022073098
23.67384942045876	0.004781795477263721
23.70142540075331	0.004765468412286889
23.72900138104786	0.004749147805184942
23.75657736134241	0.004732833693136426
23.78415334163696	0.004716526032511324
23.81172932193151	0.004700224826004865
23.83930530222606	0.004683930078054801
23.86688128252061	0.004667641750249413
23.89445726281516	0.00465135987655104
23.92203324310971	0.004635084459970643
23.94960922340426	0.004618815432727343
23.97718520369881	0.004602552857904208
24.00476118399336	0.004586296702525295
24.03233716428791	0.004570046982015119
24.05991314458246	0.004553803619050038
24.08748912487701	0.004537566697869266
24.11506510517156	0.004521336173621376
24.14264108546611	0.004505112044904149
24.17021706576066	0.004488894302496706
24.19779304605521	0.004472682939682214
24.22536902634976	0.004456477976500401
24.25294500664431	0.004440279380659844
24.28052098693886	0.004424087151489791
24.30809696723341	0.00440790129478097
24.33567294752796	0.004391721764270418
24.36324892782251	0.004375548636129627
24.39082490811706	0.004359381849003066
24.41840088841161	0.00434322140325592
24.44597686870616	0.00432706729661013
24.47355284900071	0.004310919513638281
24.50112882929526	0.004294778083800294
24.52870480958981	0.004278642967334797
24.55628078988436	0.004262514177278917
24.58385677017891	0.004246391718934297
24.61143275047346	0.004230275520523229
24.63900873076801	0.004214165665471126
24.66658471106256	0.004198062111439717
24.69416069135711	0.004181964841390154
24.72173667165166	0.00416587387254609
24.74931265194621	0.004149789187844953
24.77688863224076	0.004133710789150352
24.80446461253531	0.004117638659498536
24.83204059282986	0.004101572805482088
24.85961657312441	0.004085513206080298
24.88719255341896	0.004069459886330961
24.91476853371351	0.004053412819863835
24.94234451400806	0.004037372005518201
24.96992049430261	0.004021337427924689
24.99749647459716	0.004005309107110334
25.02507245489171	0.003989287019688117
25.05264843518626	0.003973271165935535
25.08022441548081	0.003957261530903719
25.10780039577536	0.003941258128287556
25.13537637606991	0.003925260945962034
25.16295235636446	0.003909269962815497
25.19052833665901	0.003893285208482369
25.21810431695356	0.003877306651008718
25.24568029724811	0.003861334287878768
25.27325627754266	0.003845368124331971
25.30083225783721	0.003829408135710421
25.32840823813176	0.003813454351796869
25.35598421842631	0.003797506733324937
25.38356019872086	0.003781565303710705
25.41113617901541	0.003765630037671471
25.43871215930996	0.00374970093669389
25.46628813960452	0.003733777999214704
25.49386411989907	0.003717861214582849
25.52144010019362	0.00370195058203935
25.54901608048817	0.003686046092800269
25.57659206078272	0.003670147750396867
25.60416804107727	0.003654255538711231
25.63174402137182	0.003638369466944515
25.65932000166637	0.00362248951409204
25.68689598196092	0.003606615692462747
25.71447196225547	0.003590747981372063
25.74204794255002	0.003574886390140602
25.76962392284457	0.003559030906716039
25.79719990313912	0.003543181533439992
25.82477588343367	0.003527338243381925
25.85235186372822	0.003511501061098116
25.87992784402277	0.003495669974210618
25.90750382431732	0.00347984494876439
25.93507980461187	0.003464026018513708
25.96265578490642	0.003448213165036397
25.99023176520097	0.003432406384998493
26.01780774549552	0.003416605666890051
26.04538372579007	0.00340081101307978
26.07295970608462	0.00338502236573733
26.10053568637917	0.003369239864180133
26.12811166667372	0.003353463361904488
26.15568764696827	0.003337692913318957
26.18326362726282	0.003321928500436089
26.21083960755737	0.003306170121670875
26.23841558785192	0.003290417764819125
26.26599156814647	0.003274671439931691
26.29356754844102	0.003258931133515267
26.32114352873557	0.003243196846181162
26.34871950903012	0.003227468564438405
26.37629548932467	0.003211746309650572
26.40387146961922	0.003196030039766862
26.43144744991377	0.003180319746593311
26.45902343020832	0.00316461546244541
26.48659941050287	0.003148917172477372
26.51417539079742	0.00313322486198159
26.54175137109197	0.003117538530226393
26.56932735138652	0.003101858175090826
26.59690333168107	0.003086183788107092
26.62447931197562	0.003070515371496971
26.65205529227017	0.003054852911652426
26.67963127256472	0.003039196403567984
26.70720725285927	0.003023545853744999
26.73478323315382	0.003007901253070577
26.76235921344837	0.002992262590012399
26.78993519374292	0.002976629863211276
26.81751117403747	0.002961003084098481
26.84508715433202	0.002945382212342687
26.87266313462657	0.002929767277883855
26.90023911492112	0.002914158260474667
26.92781509521567	0.002898555179992634
26.95539107551022	0.002882957973302253
26.98296705580477	0.00286736669022662
27.01054303609932	0.002851781312966329
27.03811901639387	0.002836201838501565
27.06569499668842	0.002820628246628377
27.09327097698297	0.002805060539737407
27.12084695727752	0.002789498725091614
27.14842293757207	0.002773942791699536
27.17599891786662	0.002758392739878633
27.20357489816117	0.002742848542257525
27.23115087845572	0.00272731022195493
27.25872685875027	0.002711777762279853
27.28630283904482	0.002696251157570392
27.31387881933937	0.002680730410194559
27.34145479963392	0.002665215503364598
27.36903077992847	0.002649706466338346
27.39660676022302	0.00263420324164659
27.42418274051757	0.002618705866523434
27.45175872081212	0.002603214316824146
27.47933470110667	0.00258772859948295
27.50691068140122	0.002572248697535098
27.53448666169577	0.002556774619892953
27.56206264199032	0.002541306356806313
27.58963862228487	0.002525843890485353
27.61721460257942	0.002510387245484757
27.64479058287397	0.002494936396680718
27.67236656316852	0.0024794913443174
27.69994254346307	0.002464052081257774
27.72751852375762	0.002448618607832707
27.75509450405217	0.002433190918681729
27.78267048434672	0.002417769007542562
27.81024646464127	0.002402352867926957
27.83782244493582	0.002386942503707661
27.86539842523037	0.002371537900578145
27.89297440552492	0.002356139063490764
27.92055038581947	0.00234074598401379
27.94812636611402	0.002325358655568727
27.97570234640857	0.002309977078075248
28.00327832670312	0.002294601242364966
28.03085430699767	0.002279231147351954
28.05843028729223	0.002263866791188105
28.08600626758678	0.002248508165464647
28.11358224788133	0.00223315526490601
28.14115822817588	0.002217808091057411
28.16873420847043	0.002202466650857485
28.19631018876498	0.002187130890501206
28.22388616905953	0.002171800859909697
28.25146214935408	0.002156476532537975
28.27903812964863	0.002141157910098366
28.30661410994318	0.002125844986675994
28.33419009023773	0.002110537760785225
28.36176607053228	0.002095236208030363
28.38934205082683	0.002079940349810122
28.41691803112138	0.002064650172202463
28.44449401141593	0.002049365682952999
28.47206999171048	0.00203408684205361
28.49964597200503	0.00201881368093608
28.52722195229958	0.002003546183224303
28.55479793259413	0.001988284347754226
28.58237391288868	0.001973028164396902
28.60994989318323	0.001957777635123421
28.63752587347778	0.001942532747358746
28.66510185377233	0.001927293509767048
28.69267783406688	0.00191205990688851
28.72025381436143	0.001896831942121863
28.74782979465598	0.001881609604281068
28.77540577495053	0.001866392892849528
28.80298175524508	0.00185118180368946
28.83055773553963	0.001835976334888346
28.85813371583418	0.001820776477555259
28.88570969612873	0.001805582226389039
28.91328567642328	0.001790393588771515
28.94086165671783	0.001775210553174572
28.96843763701238	0.001760033106395021
28.99601361730693	0.001744861265603041
29.02358959760148	0.001729694994834143
29.05116557789603	0.001714534319166116
29.07874155819058	0.001699379227458773
29.10631753848513	0.001684229701000103
29.13389351877968	0.001669085758883382
29.16146949907423	0.001653947382912778
29.18904547936878	0.001638814570046014
29.21662145966333	0.001623687314398602
29.24419743995788	0.001608565620977982
29.27177342025243	0.00159344947510948
29.29934940054698	0.001578338874398794
29.32692538084153	0.001563233817200111
29.35450136113608	0.001548134313567356
29.38207734143063	0.00153304034104316
29.40965332172518	0.001517951889648073
29.43722930201973	0.001502868970108361
29.46480528231428	0.001487791582538591
29.49238126260883	0.001472719704123622
29.51995724290338	0.001457653345881148
29.54753322319793	0.001442592495220803
29.57510920349248	0.001427537158475475
29.60268518378703	0.001412487323421856
29.63026116408158	0.001397442985061043
29.65783714437613	0.001382404144131995
29.68541312467068	0.001367370796403697
29.71298910496523	0.001352342931743982
29.74056508525978	0.001337320552870821
29.76814106555433	0.001322303652479142
29.79571704584888	0.001307292228224571
29.82329302614343	0.001292286273805707
29.85086900643798	0.00127728578945226
29.87844498673253	0.001262290764312737
29.90602096702708	0.00124730120474293
29.93359694732163	0.001232317129044064
29.96117292761618	0.001217338441515221
29.98874890791073	0.001202365223973796
30.01632488820528	0.001187397468930178
30.04390086849983	0.001172435142964231
30.07147684879438	0.001157478254784589
30.09905282908893	0.001142526796162612
30.12662880938348	0.001127580767526175
30.15420478967803	0.001112640160683286
30.18178076997258	0.001097704965680771
30.20935675026713	0.001082775205034803
30.23693273056168	0.001067850846280584
30.26450871085623	0.001052931899921234
30.29208469115078	0.001038018351189399
30.31966067144533	0.001023110205060688
30.34723665173988	0.001008207454707445
30.37481263203443	0.0009933101002779332
30.40238861232898	0.0009784181315709041
30.42996459262353	0.0009635315483774071
30.45754057291808	0.0009486503454199295
30.48511655321263	0.0009337745182704862
30.51269253350718	0.0009189040689164864
30.54026851380173	0.0009040389849715117
30.56784449409628	0.0008891792663701266
30.59542047439083	0.0008743249094784441
30.62299645468539	0.0008594759103820594
30.65057243497994	0.000844632264775896
30.67814841527449	0.0008297939688866408
30.70572439556904	0.0008149610204587817
30.73330037586359	0.0008001334090850777
30.76087635615814	0.0007853111408351153
30.78845233645269	0.0007704942059233964
30.81602831674724	0.0007556826015783911
30.84360429704179	0.0007408763223179847
30.87118027733634	0.0007260753683416173
30.89875625763089	0.0007112797345811383
30.92633223792544	0.0006964894115700068
30.95390821821999	0.0006817043932017082
30.98148419851454	0.0006669247007838449
31.00906017880909	0.0006521503025119354
31.03663615910364	0.0006373812043502872
31.06421213939819	0.0006226174029801552
31.09178811969274	0.0006078588938389014
31.11936409998729	0.0005931056732196607
31.14694008028184	0.0005783577374336493
31.17451606057639	0.0005636150826675763
31.20209204087094	0.0005488777050971516
31.22966802116549	0.0005341456009721246
31.25724400146004	0.0005194187665328667
31.28481998175459	0.0005046971980060341
31.31239596204914	0.0004899808916307737
31.33997194234369	0.0004752698436516752
31.36754792263824	0.0004605640503095655
31.39512390293279	0.0004458635078495084
31.42269988322734	0.0004311682125292099
31.45027586352189	0.0004164781606013838
31.47785184381644	0.0004017933483224268
31.50542782411099	0.0003871137719553634
31.53300380440554	0.0003724394277672684
31.56057978470009	0.0003577703120292545
31.58815576499464	0.0003431064210164624
31.61573174528919	0.0003284477510080494
31.64330772558374	0.0003137942982871799
31.67088370587829	0.0002991460591410177
31.69845968617284	0.0002845030298607147
31.72603566646739	0.0002698652067414056
31.75361164676194	0.0002552325860821971
31.78118762705649	0.0002406051641861619
31.80876360735104	0.0002259829373603307
31.83633958764559	0.0002113659019156851
31.86391556794014	0.0001967540541671503
31.89149154823469	0.0001821473904335882
31.91906752852924	0.0001675459070377908
31.94664350882379	0.0001529496003064733
31.97421948911834	0.0001383584665702676
32.00179546941289	0.0001237725021637161
32.02937144970744	0.0001091917034252647
32.05694743000199	9.461606669725727e-05
32.08452341029654	8.00455883259285e-05
32.11209939059109	6.548026466139862e-05
32.13967537088564	5.092009205766663e-05
32.16725135118019	3.636506687260439e-05
32.19482733147474	2.181518546795066e-05
32.22240331176929	7.270444209305024e-06
0
1000	105.6583745	100000000000000.1
5	0	0	1
5	0	0	0
4.673998997513734	-4.825673997639527e-06
4.701574977808284	-4.288855621685581e-06
4.729150958102834	-4.510882055051597e-06
4.756726938397384	-4.782101478946816e-06
4.784302918691934	-5.015665019313626e-06
4.811878898986484	-5.196674409929789e-06
4.839454879281035	-5.327064737905513e-06
4.867030859575585	-5.413155956377396e-06
4.894606839870135	-5.46193492220666e-06
4.922182820164685	-5.479860700018921e-06
4.949758800459235	-5.472530205112672e-06
4.977334780753785	-5.444655415076542e-06
5.004910761048335	-5.40014893878151e-06
5.032486741342885	-5.342238637655363e-06
5.060062721637435	-5.273580506143132e-06
5.087638701931986	-5.196358923095605e-06
5.115214682226536	-5.112371635778006e-06
5.142790662521086	-5.023100133927428e-06
5.170366642815636	-4.929767224752636e-06
5.197942623110186	-4.833383857729227e-06
5.225518603404736	-4.734787116739693e-06
5.253094583699286	-4.634671039976008e-06
5.280670563993836	-4.533611650779485e-06
5.308246544288386	-4.432087327837316e-06
5.335822524582936	-4.330495424843436e-06
5.363398504877487	-4.229165869301718e-06
5.390974485172037	-4.128372324085401e-06
5.418550465466587	-4.02834137875798e-06
5.446126445761137	-3.929260026580505e-06
5.473702426055687	-3.831281962765066e-06
5.501278406350237	-3.736736895769986e-06
5.528854386644787	-3.640985339559503e-06
5.556430366939337	-3.546519887129752e-06
5.584006347233887	-3.453451165654943e-06
5.611582327528438	-3.361873022382736e-06
5.639158307822988	-3.271864410510962e-06
5.666734288117538	-3.183490842333981e-06
5.694310268412088	-3.096805683904292e-06
5.721886248706638	-3.011851347626827e-06
5.749462229001188	-2.928660397103084e-06
5.777038209295738	-2.847265053839504e-06
5.804614189590288	-2.767662838841041e-06
5.832190169884838	-2.689871970360032e-06
5.859766150179389	-2.613895237926018e-06
5.887342130473939	-2.53972991706027e-06
5.914918110768489	-2.467368424012234e-06
5.942494091063039	-2.396798911354799e-06
5.970070071357589	-2.328005808335028e-06
5.997646051652139	-2.260970309871142e-06
6.025222031946689	-2.195670817977133e-06
6.052798012241239	-2.132356666986507e-06
6.080373992535789	-2.070414402286448e-06
6.107949972830339	-2.010112691597096e-06
6.13552595312489	-1.951430758878317e-06
6.16310193341944	-1.894344004452126e-06
6.19067791371399	-1.838826302759389e-06
6.21825389400854	-1.784850213359584e-06
6.24582987430309	-1.73238713307402e-06
6.27340585459764	-1.681407447344685e-06
6.30098183489219	-1.631880684306453e-06
6.32855781518674	-1.58368560123089e-06
6.35613379548129	-1.536985185624055e-06
6.383709775775841	-1.491647263696508e-06
6.411285756070391	-1.447637464244869e-06
6.438861736364941	-1.404921413303511e-06
6.466437716659491	-1.363464883113823e-06
6.494013696954041	-1.323233915658859e-06
6.521589677248591	-1.28419492453148e-06
6.549165657543141	-1.24631477834423e-06
6.576741637837691	-1.209560868415674e-06
6.604317618132241	-1.173893696890971e-06
6.631893598426791	-1.139297976067142e-06
6.659469578721342	-1.10573468988238e-06
6.687045559015892	-1.07317345417311e-06
6.714621539310442	-1.041585135640665e-06
6.742197519604992	-1.010940556921483e-06
6.769773499899542	-9.812117476311314e-07
6.797349480194092	-9.523713628031321e-07
6.824925460488642	-9.2439278838134e-07
6.852501440783192	-8.972501385816276e-07
6.880077421077742	-8.70920581200145e-07
6.907653401372293	-8.45374645491723e-07
6.935229381666843	-8.205911374084225e-07
6.962805361961393	-7.965470443556509e-07
6.990381342255943	-7.732200281281339e-07
7.017957322550493	-7.505884095630937e-07
7.045533302845043	-7.286311528932264e-07
7.073109283139593	-7.073278499101348e-07
7.100685263434143	-6.866587040324683e-07
7.128261243728693	-6.666045143588179e-07
7.155837224023244	-6.471456182582194e-07
7.183413204317794	-6.282661974201775e-07
7.210989184612344	-6.09947606240009e-07
7.238565164906894	-5.921728480872832e-07
7.266141145201444	-5.749254445620879e-07
7.293717125495994	-5.581894210566612e-07
7.321293105790544	-5.419492924474748e-07
7.348869086085094	-5.261900489647623e-07
7.376445066379644	-5.108971422773375e-07
7.404021046674194	-4.960564718228267e-07
7.431597026968745	-4.816535616323949e-07
7.459173007263295	-4.676769100321717e-07
7.486748987557845	-4.54112792639778e-07
7.514324967852395	-4.409487524800392e-07
7.541900948146945	-4.281727169592067e-07
7.569476928441495	-4.157729863491611e-07
7.597052908736045	-4.037382224790205e-07
7.624628889030595	-3.920574376593397e-07
7.652204869325145	-3.807199838574891e-07
7.679780849619696	-3.697155421374602e-07
7.707356829914246	-3.590333229466805e-07
7.734932810208796	-3.486653448714176e-07
7.762508790503346	-3.386013337643899e-07
7.790084770797896	-3.288321705247146e-07
7.817660751092446	-3.193490181179034e-07
7.845236731386996	-3.101433127704316e-07
7.872812711681546	-3.012067553498581e-07
7.900388691976096	-2.925313029532997e-07
7.927964672270646	-2.841091607182677e-07
7.955540652565197	-2.759327738634029e-07
7.983116632859747	-2.679955562763002e-07
8.010692613154298	-2.602885648804077e-07
8.038268593448848	-2.528059093762354e-07
8.065844573743398	-2.455408736821652e-07
8.093420554037948	-2.38486893874901e-07
8.120996534332498	-2.316373757184374e-07
8.148572514627048	-2.249838441105786e-07
8.176148494921598	-2.185435010902265e-07
8.203724475216148	-2.122666003591237e-07
8.231300455510699	-2.061776996029518e-07
8.258876435805249	-2.002634797288077e-07
8.286452416099799	-1.945236144048535e-07
8.314028396394349	-1.889499349194933e-07
8.341604376688899	-1.835375454066054e-07
8.369180356983449	-1.782816977761142e-07
8.396756337277999	-1.731777871022281e-07
8.424332317572549	-1.682213471547483e-07
8.451908297867099	-1.634080460708168e-07
8.47948427816165	-1.587336821638284e-07
8.5070602584562	-1.541941798658161e-07
8.53463623875075	-1.49785422281581e-07
8.5622122190453	-1.455039698234713e-07
8.58978819933985	-1.413458474019984e-07
8.6173641796344	-1.373074525144141e-07
8.64494015992895	-1.333852872158925e-07
8.6725161402235	-1.295759568228704e-07
8.70009212051805	-1.258761674229837e-07
8.7276681008126	-1.22282723060038e-07
8.755244081107151	-1.187925228536412e-07
8.782820061401701	-1.15402558144137e-07
8.810396041696251	-1.121096268222183e-07
8.837972021990801	-1.089114849184706e-07
8.865548002285351	-1.058051024600211e-07
8.893123982579901	-1.02787811292751e-07
8.920699962874451	-9.98570213156569e-08
8.948275943169001	-9.701021793546386e-08
8.975851923463551	-9.424495953801986e-08
9.003427903758102	-9.155887494852909e-08
9.031003884052652	-8.894966083914523e-08
9.058579864347202	-8.641507902000723e-08
9.086155844641752	-8.349054851868297e-08
9.113731824936302	-8.122562504363593e-08
9.141307805230852	-7.902489877512322e-08
9.168883785525402	-7.686130670046345e-08
9.196459765819952	-7.474981394985519e-08
9.224035746114502	-7.269291462678205e-08
9.251611726409052	-7.069094075098655e-08
9.279187706703603	-6.874334155655915e-08
9.306763686998153	-6.684914700373752e-08
9.334339667292703	-6.500717893509866e-08
9.361915647587253	-6.32132550307986e-08
9.389491627881803	-6.147261154833819e-08
9.417067608176353	-5.978022803866023e-08
9.444643588470903	-5.813473667624771e-08
9.472219568765453	-5.653480992892739e-08
9.499795549060003	-5.497915952146164e-08
9.527371529354554	-5.346653532207344e-08
9.554947509649104	-5.199572419851626e-08
9.582523489943654	-5.056554887171359e-08
9.610099470238204	-4.917486678385853e-08
9.637675450532754	-4.782268409765489e-08
9.665251430827304	-4.65076867943069e-08
9.692827411121854	-4.522894363491986e-08
9.720403391416404	-4.398543915358497e-08
9.747979371710954	-4.277618547431014e-08
9.775555352005505	-4.160021781624073e-08
9.803131332300055	-4.045657792344253e-08
9.830707312594605	-3.934417287906079e-08
9.858283292889155	-3.826504938717946e-08
9.885859273183705	-3.721190310160785e-08
9.913435253478255	-3.618873718222665e-08
9.941011233772805	-3.519407931185108e-08
9.968587214067355	-3.42267630727332e-08
9.996163194361905	-3.328603115323278e-08
10.02373917465646	-3.237114777345578e-08
10.05131515495101	-3.148139802892422e-08
10.07889113524556	-3.061608725737741e-08
10.10646711554011	-2.977454042757432e-08
10.13404309583466	-2.89561015490367e-08
10.16161907612921	-2.816013310173546e-08
10.18919505642376	-2.738602822769824e-08
10.21677103671831	-2.663315798812734e-08
10.24434701701286	-2.590094999498748e-08
10.27192299730741	-2.518883539426401e-08
10.29949897760196	-2.449626125912867e-08
10.32707495789651	-2.3822690121476e-08
10.35465093819106	-2.316759951887275e-08
10.38222691848561	-2.253048155628189e-08
10.40980289878016	-2.191084248195991e-08
10.43737887907471	-2.130820227696116e-08
10.46495485936926	-2.072209930580024e-08
10.49253083966381	-2.015206913903744e-08
10.52010681995836	-1.959767590601746e-08
10.54768280025291	-1.905849074287269e-08
10.57525878054746	-1.853409666293762e-08
10.60283476084201	-1.802408821563103e-08
10.63041074113656	-1.75280711560964e-08
10.65798672143111	-1.704566212518702e-08
10.68556270172566	-1.657648833940517e-08
10.71313868202021	-1.612018729042384e-08
10.74071466231476	-1.567641208069868e-08
10.76829064260931	-1.524480789571657e-08
10.79586662290386	-1.482504732973891e-08
10.82344260319841	-1.441680624693232e-08
10.85101858349296	-1.401976942278656e-08
10.87859456378751	-1.363363029143409e-08
10.90617054408206	-1.325809070094006e-08
10.93374652437661	-1.289286067623237e-08
10.96132250467116	-1.253765818936312e-08
10.98889848496571	-1.219220893681222e-08
11.01647446526026	-1.185624977566867e-08
11.04405044555481	-1.152951336421244e-08
11.07162642584936	-1.121175128264853e-08
11.09920240614391	-1.090271810149153e-08
11.12677838643846	-1.060217509752886e-08
11.15435436673301	-1.030989006656604e-08
11.18193034702756	-1.002563714206693e-08
11.20950632732211	-9.749196619405167e-09
11.23708230761666	-9.480354785471218e-09
11.26465828791121	-9.218903753403067e-09
11.29223426820576	-8.96464051890255e-09
11.31981024850031	-8.717370044591391e-09
11.34738622879486	-8.47690013924787e-09
11.37496220908941	-8.243044649657105e-09
11.40253818938396	-8.015622491926826e-09
11.43011416967851	-7.794457513415492e-09
11.45769014997306	-7.579378358508082e-09
11.48526613026761	-7.370218338122497e-09
11.51284211056216	-7.166815302834098e-09
11.54041809085671	-6.969011519509944e-09
11.56799407115126	-6.776653139131144e-09
11.59557005144581	-6.589591779558611e-09
11.62314603174036	-6.407681816317656e-09
11.65072201203491	-6.230782007811345e-09
11.67829799232946	-6.058754960222101e-09
11.70587397262401	-5.891467023357901e-09
11.73344995291856	-5.728788189323129e-09
11.76102593321311	-5.570591993934854e-09
11.78860191350766	-5.416755420807902e-09
11.81617789380221	-5.267158808034358e-09
11.84375387409676	-5.12168542281723e-09
11.87132985439131	-4.980222753611722e-09
11.89890583468586	-4.842660313279989e-09
11.92648181498041	-4.708890968464728e-09
11.95405779527496	-4.578810509601137e-09
11.98163377556951	-4.452317571911548e-09
12.00920975586406	-4.329313558507568e-09
12.03678573615861	-4.209702565544161e-09
12.06436171645316	-4.093391309371592e-09
12.09193769674771	-3.980289055632543e-09
12.11951367704226	-3.870307223085478e-09
12.14708965733681	-3.763360669840017e-09
12.17466563763136	-3.659365551805394e-09
12.20224161792591	-3.55824065394688e-09
12.22981759822046	-3.459906983206844e-09
12.25739357851501	-3.364287708418337e-09
12.28496955880956	-3.271308101796677e-09
12.31254553910411	-3.180895481971991e-09
12.34012151939866	-3.092979158525954e-09
12.36769749969321	-3.007490377996398e-09
12.39527347998776	-2.924361839487509e-09
12.42284946028231	-2.843529441996252e-09
12.45042544057686	-2.764929451403082e-09
12.47800142087141	-2.688500341334888e-09
12.50557740116597	-2.614182273977499e-09
12.53315338146052	-2.541917054194356e-09
12.56072936175507	-2.471648084838283e-09
12.58830534204962	-2.403320323236824e-09
12.61588132234417	-2.336880238828687e-09
12.64345730263872	-2.27227577192689e-09
12.67103328293327	-2.209456430583727e-09
12.69860926322782	-2.148372692021335e-09
12.72618524352237	-2.088976809824256e-09
12.75376122381692	-2.031222217585943e-09
12.78133720411147	-1.975063629816739e-09
12.80891318440602	-1.920457006939348e-09
12.83648916470057	-1.867359521261381e-09
12.86406514499512	-1.815729523918856e-09
12.89164112528967	-1.76552651280426e-09
12.91921710558422	-1.716711101536615e-09
12.94679308587877	-1.66924561931127e-09
12.97436906617332	-1.623091608961548e-09
13.00194504646787	-1.578213393209769e-09
13.02952102676242	-1.534575742220108e-09
13.05709700705697	-1.492144396568571e-09
13.08467298735152	-1.450886040628543e-09
13.11224896764607	-1.410768276679572e-09
13.13982494794062	-1.371759599720483e-09
13.16740092823517	-1.333829372968047e-09
13.19497690852972	-1.296947804022851e-09
13.22255288882427	-1.261085981414464e-09
13.25012886911882	-1.226215607426071e-09
13.27770484941337	-1.192309346747868e-09
13.30528082970792	-1.159340559494383e-09
13.33285681000247	-1.127283340614557e-09
13.36043279029702	-1.096112499692711e-09
13.38800877059157	-1.065803541301319e-09
13.41558475088612	-1.036332645890676e-09
13.44316073118067	-1.007676651200931e-09
13.47073671147522	-9.798130341823406e-10
13.49831269176977	-9.527199105145957e-10
13.52588867206432	-9.263759438180678e-10
13.55346465235887	-9.007603509845622e-10
13.58104063265342	-8.758532994618338e-10
13.60861661294797	-8.516348833290313e-10
13.63619259324252	-8.280861801156208e-10
13.66376857353707	-8.051886733772127e-10
13.69134455383162	-7.829243595724214e-10
13.71892053412617	-7.612757326498427e-10
13.74649651442072	-7.402257701669951e-10
13.77407249471527	-7.197579259401112e-10
13.80164847500982	-6.998560927421718e-10
13.82922445530437	-6.805046257616825e-10
13.85680043559892	-6.616883073189848e-10
13.88437641589347	-6.433923401570947e-10
13.91195239618802	-6.256023358840339e-10
13.93952837648257	-6.083043037060307e-10
13.96710435677712	-5.9148463946293e-10
13.99468033707167	-5.751301149624623e-10
14.02225631736622	-5.592278676067685e-10
14.04983229766077	-5.437653926735318e-10
14.07740827795532	-5.287305237621603e-10
14.10498425824987	-5.141114380804571e-10
14.13256023854442	-4.998966372916779e-10
14.16013621883897	-4.860749409162191e-10
14.18771219913352	-4.726354775550732e-10
14.21528817942807	-4.595676763549932e-10
14.24286415972262	-4.468612587087436e-10
14.27044014001717	-4.345062301839919e-10
14.29801612031172	-4.224928726745763e-10
14.32559210060627	-4.108117396273049e-10
14.35316808090082	-3.994536362674589e-10
14.38074406119537	-3.884096325474319e-10
14.40832004148992	-3.776710412483343e-10
14.43589602178447	-3.672294154828293e-10
14.46347200207902	-3.570765419737309e-10
14.49104798237357	-3.472044345780461e-10
14.51862396266812	-3.376053280034206e-10
14.54619994296267	-3.282716717021257e-10
14.57377592325722	-3.191961239350467e-10
14.60135190355177	-3.103715461170747e-10
14.62892788384632	-3.0179099671894e-10
14.65650386414087	-2.93447726560702e-10
14.68407984443542	-2.853351729969531e-10
14.71165582472997	-2.774469548841209e-10
14.73923180502452	-2.697768675631263e-10
14.76680778531907	-2.623188779805507e-10
14.79438376561362	-2.550671199445041e-10
14.82195974590817	-2.480158895114834e-10
14.84953572620272	-2.411596405006158e-10
14.87711170649727	-2.344929801326912e-10
14.90468768679182	-2.280106647843742e-10
14.93226366708637	-2.217075958717531e-10
14.95983964738092	-2.155788158339581e-10
14.98741562767547	-2.096195042352169e-10
15.01499160797002	-2.038249739729981e-10
15.04256758826457	-1.981906675909112e-10
15.07014356855912	-1.92712153693478e-10
15.09771954885368	-1.873851234599653e-10
15.12529552914823	-1.822053872545465e-10
15.15287150944278	-1.771688724054758e-10
15.18044748973733	-1.722716153637934e-10
15.20802347003188	-1.675097661328714e-10
15.23559945032643	-1.628795796999978e-10
15.26317543062098	-1.583774146765083e-10
15.29075141091553	-1.539997304100076e-10
15.31832739121008	-1.497430841917642e-10
15.34590337150463	-1.456041285453039e-10
15.37347935179918	-1.415796085912833e-10
15.40105533209373	-1.376663594857285e-10
15.42863131238828	-1.338613040807597e-10
15.45620729268283	-1.30161449875586e-10
15.48378327297738	-1.265638876259278e-10
15.51135925327193	-1.23065788404665e-10
15.53893523356648	-1.196644015370717e-10
15.56651121386103	-1.163570524361133e-10
15.59408719415558	-1.131411404976076e-10
15.62166317445013	-1.100141370535943e-10
15.64923915474468	-1.069735833823058e-10
15.67681513503923	-1.040170887731757e-10
15.70439111533378	-1.011423284181483e-10
15.73196709562833	-9.834704264025103e-11
15.75954307592288	-9.562903321139892e-11
15.78711905621743	-9.298616322210259e-11
15.81469503651198	-9.041635483115779e-11
15.84227101680653	-8.791758766322543e-11
15.86984699710108	-8.548789722494885e-11
15.89742297739563	-8.312537336062619e-11
15.92499895769018	-8.082815874952663e-11
15.95257493798473	-7.85944474444266e-11
15.98015091827928	-7.642248352406788e-11
16.00772689857383	-7.431055940990216e-11
16.03530287886838	-7.225701497840312e-11
16.06287885916293	-7.026023595293985e-11
16.09045483945748	-6.831865270697997e-11
16.11803081975203	-6.643073902878877e-11
16.14560680004658	-6.459501092030762e-11
16.17318278034113	-6.281002542926704e-11
16.20075876063568	-6.107437951361413e-11
16.22833474093023	-5.93867089373612e-11
16.25591072122478	-5.774568733797784e-11
16.28348670151933	-5.615002459757556e-11
16.31106268181388	-5.459846672920039e-11
16.33863866210843	-5.308979427995275e-11
16.36621464240298	-5.162282152409762e-11
16.39379062269753	-5.019639553000849e-11
16.42136660299208	-4.880939525291333e-11
16.44894258328663	-4.746073065273698e-11
16.47651856358118	-4.614934183635019e-11
16.50409454387573	-4.487419822355161e-11
16.53167052417028	-4.363429783326508e-11
16.55924650446483	-4.242866609385714e-11
16.58682248475938	-4.125635569066857e-11
16.61439846505393	-4.011644540872757e-11
16.64197444534848	-3.900803950967841e-11
16.66955042564303	-3.79302670269584e-11
16.69712640593758	-3.688228108048432e-11
16.72470238623213	-3.586325821030726e-11
16.75227836652668	-3.487239772871027e-11
16.77985434682123	-3.390892109023751e-11
16.80743032711578	-3.297206981481917e-11
16.83500630741033	-3.206111342596534e-11
16.86258228770488	-3.117532849159624e-11
16.89015826799943	-3.031402333183036e-11
16.91773424829398	-2.947652067101711e-11
16.94531022858853	-2.866216246462253e-11
16.97288620888308	-2.787030891114192e-11
17.00046218917763	-2.710033791156842e-11
17.02803816947218	-2.635164457251976e-11
17.05561414976673	-2.56236407281985e-11
17.08319013006128	-2.491575451964584e-11
17.11076611035583	-2.422742976567562e-11
17.13834209065038	-2.355812580407164e-11
17.16591807094493	-2.290731687504408e-11
17.19349405123948	-2.227449175606118e-11
17.22107003153403	-2.165915335975885e-11
17.24864601182858	-2.106081834297566e-11
17.27622199212313	-2.047901672660553e-11
17.30379797241768	-1.991329152596839e-11
17.33137395271223	-1.936319839140793e-11
17.35894993300678	-1.882830526267914e-11
17.38652591330133	-1.830819201135683e-11
17.41410189359588	-1.780245014040993e-11
17.44167787389043	-1.731068244201054e-11
17.46925385418498	-1.683250269135523e-11
17.49682983447953	-1.636753534559544e-11
17.52440581477408	-1.591541526332223e-11
17.55198179506863	-1.547578772117346e-11
17.57955777536318	-1.504830580760886e-11
17.60713375565773	-1.463263607268479e-11
17.63470973595228	-1.422845117046415e-11
17.66228571624683	-1.383543342451175e-11
17.68986169654139	-1.345327441075975e-11
17.71743767683594	-1.308167403138837e-11
17.74501365713049	-1.272034048467556e-11
17.77258963742504	-1.236899003557588e-11
17.80016561771959	-1.20273467926452e-11
17.82774159801414	-1.169514249113545e-11
17.85531757830869	-1.137211628208882e-11
17.88289355860324	-1.105801452726535e-11
17.91046953889779	-1.075259061717812e-11
17.93804551919234	-1.045560470622665e-11
17.96562149948689	-1.01668236309196e-11
17.99319747978144	-9.886020656330251e-12
18.02077346007599	-9.612975314974224e-12
18.04834944037054	-9.347473233507672e-12
18.07592542066509	-9.089305964219362e-12
18.10350140095964	-8.838270821183973e-12
18.13107738125419	-8.594170720947922e-12
18.15865336154874	-8.356814027622669e-12
18.18622934184329	-8.126014416147614e-12
18.21380532213784	-7.901590669245391e-12
18.24138130243239	-7.683366620447405e-12
18.26895728272694	-7.471170959015598e-12
18.29653326302149	-7.264837109194795e-12
18.32410924331604	-7.064203099300133e-12
18.35168522361059	-6.869111434424629e-12
18.37926120390514	-6.679408972666973e-12
18.40683718419969	-6.49494680478226e-12
18.43441316449424	-6.315580137161048e-12
18.46198914478879	-6.141168179713414e-12
18.48956512508334	-5.971574028404782e-12
18.51714110537789	-5.806664568005145e-12
18.54471708567244	-5.64631036064943e-12
18.57229306596699	-5.490385545800691e-12
18.59986904626154	-5.338767741352771e-12
18.62744502655609	-5.19133794746795e-12
18.65502100685064	-5.047980453073955e-12
18.68259698714519	-4.908582744946803e-12
18.71017296743974	-4.773035419307949e-12
18.73774894773429	-4.641232089475086e-12
18.76532492802884	-4.513069326230203e-12
18.79290090832339	-4.388446542578996e-12
18.82047688861794	-4.267265935229278e-12
18.84805286891249	-4.149432316465413e-12
18.87562884920704	-4.034853499463656e-12
18.90320482950159	-3.923439268535697e-12
18.93078080979614	-3.81510229955858e-12
18.95835679009069	-3.709757576063605e-12
18.98593277038524	-3.607322432030373e-12
19.01350875067979	-3.507716496195374e-12
19.04108473097434	-3.410861587916027e-12
19.06866071126889	-3.316681717138707e-12
19.09623669156344	-3.22510298404633e-12
19.12381267185799	-3.136053538715374e-12
19.15138865215254	-3.049463475410703e-12
19.17896463244709	-2.965264893196514e-12
19.20654061274164	-2.883391710042294e-12
19.23411659303619	-2.803779687991594e-12
19.26169257333074	-2.726366363320049e-12
19.28926855362529	-2.651090987951644e-12
19.31684453391984	-2.577894520669095e-12
19.34442051421439	-2.506719519605364e-12
19.37199649450894	-2.437510207029726e-12
19.39957247480349	-2.370212150882347e-12
19.42714845509804	-2.30477265414056e-12
19.45472443539259	-2.241140355809221e-12
19.48230041568714	-2.179265333944633e-12
19.50987639598169	-2.119099046994639e-12
19.53745237627624	-2.060594294802452e-12
19.56502835657079	-2.003705182717782e-12
19.59260433686534	-1.948387079888434e-12
19.62018031715989	-1.894596593074984e-12
19.64775629745444	-1.84229152637787e-12
19.67533227774899	-1.791430849705166e-12
19.70290825804354	-1.741974666554513e-12
19.73048423833809	-1.69388418268565e-12
19.75806021863264	-1.647121675658927e-12
19.78563619892719	-1.601650465215842e-12
19.81321217922174	-1.557434884478367e-12
19.84078815951629	-1.514440252310876e-12
19.86836413981084	-1.472632844597538e-12
19.89594012010539	-1.431979870010224e-12
19.92351610039994	-1.39244944278243e-12
19.95109208069449	-1.354010558035769e-12
19.97866806098904	-1.316633067437038e-12
20.00624404128359	-1.280287655527082e-12
20.03382002157814	-1.244945816700718e-12
20.06139600187269	-1.210579832810664e-12
20.08897198216724	-1.177162751321222e-12
20.11654796246179	-1.144668366383726e-12
20.14412394275634	-1.113071191156375e-12
20.17169992305089	-1.082346447058715e-12
20.19927590334544	-1.052470038785033e-12
20.22685188363999	-1.023418536649788e-12
20.25442786393454	-9.951691581959428e-13
20.2820038442291	-9.676997503116694e-13
20.30957982452365	-9.409887718413718e-13
20.3371558048182	-9.150152766773649e-13
20.36473178511275	-8.897588973189239e-13
20.3923077654073	-8.651998289069281e-13
20.41988374570185	-8.413188135728882e-13
20.4474597259964	-8.180971255179986e-13
20.47503570629095	-7.955165561705679e-13
20.5026116865855	-7.735593999354351e-13
20.53018766688005	-7.522084403009666e-13
20.5577636471746	-7.314469363347508e-13
20.58533962746915	-7.112586095688017e-13
20.6129156077637	-6.916276313260106e-13
20.64049158805825	-6.725386111525145e-13
20.6680675683528	-6.539765766199217e-13
20.69564354864735	-6.359269818887754e-13
20.7232195289419	-6.183756766153846e-13
20.75079550923645	-6.013088841556415e-13
20.778371489531	-5.84713247458792e-13
20.80594746982555	-5.685757443976018e-13
20.8335234501201	-5.528837248699155e-13
20.86109943041465	-5.376248873102405e-13
20.8886754107092	-5.227872698431939e-13
20.91625139100375	-5.083592409776967e-13
20.9438273712983	-4.943294911439997e-13
20.97140335159285	-4.806870211915596e-13
20.9989793318874	-4.674211377194131e-13
21.02655531218195	-4.545214420935618e-13
21.0541312924765	-4.419778229132104e-13
21.08170727277105	-4.297804480766681e-13
21.1092832530656	-4.179197570664139e-13
21.13685923336015	-4.063864534472545e-13
21.1644352136547	-3.951714975716764e-13
21.19201119394925	-3.842660994866556e-13
21.2195871742438	-3.736617129256247e-13
21.24716315453835	-3.633500249406206e-13
21.2747391348329	-3.533229549621909e-13
21.30231511512745	-3.435726447342789e-13
21.329891095422	-3.340914530636854e-13
21.35746707571655	-3.24871949823201e-13
21.3850430560111	-3.159069101202809e-13
21.41261903630565	-3.071893086266869e-13
21.4401950166002	-2.987123140646489e-13
21.46777099689475	-2.90469283845219e-13
21.4953469771893	-2.824537590643714e-13
21.52292295748385	-2.746594585746032e-13
21.5504989377784	-2.670802753571174e-13
21.57807491807295	-2.597102708615561e-13
21.6056508983675	-2.525436705553173e-13
21.63322687866205	-2.455748593855199e-13
21.6608028589566	-2.387983773518623e-13
21.68837883925115	-2.322089151041329e-13
21.7159548195457	-2.25801306257722e-13
21.74353079984025	-2.19570546389553e-13
21.7711067801348	-2.135117379923654e-13
21.79868276042935	-2.076201366798461e-13
21.8262587407239	-2.018911294263728e-13
21.85383472101845	-1.96320228304712e-13
21.881410701313	-1.909030693198238e-13
21.90898668160755	-1.856354089807628e-13
21.9365626619021	-1.805131209679762e-13
21.96413864219665	-1.755321928932292e-13
21.9917146224912	-1.706887231495321e-13
22.01929060278575	-1.659789178485375e-13
22.0468665830803	-1.613990892954053e-13
22.07444256337485	-1.569456470339516e-13
22.1020185436694	-1.526151044292101e-13
22.12959452396395	-1.484040695394006e-13
22.1571705042585	-1.443092440532384e-13
22.18474648455305	-1.403274207026377e-13
22.2123224648476	-1.364554807473935e-13
22.23989844514215	-1.326903915297663e-13
22.2674744254367	-1.290292040969587e-13
22.29505040573125	-1.254690508895438e-13
22.3226263860258	-1.220071430691563e-13
22.35020236632035	-1.18640770132624e-13
22.3777783466149	-1.153672949611563e-13
22.40535432690945	-1.121841536897844e-13
22.432930307204	-1.090888531945994e-13
22.46050628749855	-1.060789683576636e-13
22.4880822677931	-1.03152144797079e-13
22.51565824808765	-1.003060867744361e-13
22.5432342283822	-9.753856659405069e-14
22.57081020867675	-9.484741668276904e-14
22.5983861889713	-9.223052951168281e-14
22.62596216926585	-8.968585516613526e-14
22.6535381495604	-8.721140085962754e-14
22.68111412985495	-8.480522863922608e-14
22.7086901101495	-8.246545403927721e-14
22.73626609044405	-8.019024460502125e-14
22.7638420707386	-7.797781845699924e-14
22.79141805103315	-7.582644289511889e-14
22.8189940313277	-7.373443304127811e-14
22.84657001162225	-7.170015051947533e-14
22.87414599191681	-6.972200215441854e-14
22.90172197221136	-6.779843879487786e-14
22.92929795250591	-6.592795399593665e-14
22.95687393280046	-6.410908290549275e-14
22.98444991309501	-6.23404011009798e-14
23.01202589338956	-6.062052347357799e-14
23.03960187368411	-5.894810314323399e-14
23.06717785397866	-5.732183040364961e-14
23.09475383427321	-5.574043169643844e-14
23.12232981456776	-5.420266861372287e-14
23.14990579486231	-5.270733633862909e-14
23.17748177515686	-5.125326518581156e-14
23.20505775545141	-4.983931569142843e-14
23.23263373574596	-4.846438065398671e-14
23.26020971604051	-4.712738340183523e-14
23.28778569633506	-4.582727697179376e-14
23.31536167662961	-4.45630432941556e-14
23.34293765692416	-4.333369239681315e-14
23.37051363721871	-4.213826163037961e-14
23.39808961751326	-4.09758149143525e-14
23.42566559780781	-3.984544197747506e-14
23.45324157810236	-3.874625775519321e-14
23.48081755839691	-3.76774015248184e-14
23.50839353869146	-3.663803634823694e-14
23.53596951898601	-3.562734838684723e-14
23.56354549928056	-3.464454626398967e-14
23.59112147957511	-3.368886044497083e-14
23.61869745986966	-3.275954263419675e-14
23.64627344016421	-3.185586518894334e-14
23.67384942045876	-3.097712054930498e-14
23.70142540075331	-3.012262065638581e-14
23.72900138104786	-2.929169652349492e-14
23.75657736134241	-2.848369754902138e-14
23.78415334163696	-2.769799111265196e-14
23.81172932193151	-2.693396205435777e-14
23.83930530222606	-2.619101219270173e-14
23.86688128252061	-2.546855985677282e-14
23.89445726281516	-2.476603943204492e-14
23.92203324310971	-2.40829009226545e-14
23.94960922340426	-2.341860954854209e-14
23.97718520369881	-2.277264464537124e-14
24.00476118399336	-2.214450141580355e-14
24.03233716428791	-2.153368771103501e-14
24.05991314458246	-2.093972534464015e-14
24.08748912487701	-2.036214932760581e-14
24.11506510517156	-1.980050750400209e-14
24.14264108546611	-1.925436019673131e-14
24.17021706576066	-1.872327986306646e-14
24.19779304605521	-1.820685075970443e-14
24.22536902634976	-1.77046686170684e-14
24.25294500664431	-1.721634031852419e-14
24.28052098693886	-1.674148360940596e-14
24.30809696723341	-1.627972677126809e-14
24.33567294752796	-1.583070834854303e-14
24.36324892782251	-1.539407686092472e-14
24.39082490811706	-1.496949052803114e-14
24.41840088841161	-1.455661700166743e-14
24.44597686870616	-1.415513310547991e-14
24.47355284900071	-1.376472458179669e-14
24.50112882929526	-1.33850858454569e-14
24.52870480958981	-1.301591974313121e-14
24.55628078988436	-1.265693732590482e-14
24.58385677017891	-1.230785761481167e-14
24.61143275047346	-1.196840738613845e-14
24.63900873076801	-1.163832095608201e-14
24.66658471106256	-1.131733997263966e-14
24.69416069135711	-1.100521321324407e-14
24.72173667165166	-1.070169638798458e-14
24.74931265194621	-1.040655194826038e-14
24.77688863224076	-1.01195489007159e-14
24.80446461253531	-9.840462616572982e-15
24.83204059282986	-9.569074694192316e-15
24.85961657312441	-9.305172731878085e-15
24.88719255341896	-9.048550197706987e-15
24.91476853371351	-8.799006259410084e-15
24.94234451400806	-8.556345628011438e-15
24.96992049430261	-8.320378409570464e-15
24.99749647459716	-8.090920018399389e-15
25.02507245489171	-7.867790362329867e-15
25.05264843518626	-7.650815698623279e-15
25.08022441548081	-7.439825745926972e-15
25.10780039577536	-7.234655398439037e-15
25.13537637606991	-7.035144157847567e-15
25.16295235636446	-6.841135901970357e-15
25.19052833665901	-6.65247881653542e-15
25.21810431695356	-6.469025276287073e-15
25.24568029724811	-6.290631729374595e-15
25.27325627754266	-6.117158584932543e-15
25.30083225783721	-5.948470103764504e-15
25.32840823813176	-5.784434292044507e-15
25.35598421842631	-5.624922797546083e-15
25.38356019872086	-5.469810810806293e-15
25.41113617901541	-5.318976964832287e-15
25.43871215930996	-5.17230324177237e-15
25.46628813960452	-5.029674880078624e-15
25.49386411989907	-4.890980284642426e-15
25.52144010019362	-4.756110939410395e-15
25.54901608048817	-4.624961322412305e-15
25.57659206078272	-4.497428823134349e-15
25.60416804107727	-4.373413662172978e-15
25.63174402137182	-4.252818802175262e-15
25.65932000166637	-4.135549913158183e-15
25.68689598196092	-4.021515240122154e-15
25.71447196225547	-3.910625567654464e-15
25.74204794255002	-3.802794136122997e-15
25.76962392284457	-3.697936615876148e-15
25.79719990313912	-3.595970932203935e-15
25.82477588343367	-3.496817336804734e-15
25.85235186372822	-3.400398259337546e-15
25.87992784402277	-3.306638271121126e-15
25.90750382431732	-3.215464029084977e-15
25.93507980461187	-3.126804199191319e-15
25.96265578490642	-3.040589431334317e-15
25.99023176520097	-2.956752282842249e-15
26.01780774549552	-2.875227171691831e-15
26.04538372579007	-2.795950325164335e-15
26.07295970608462	-2.718859729919171e-15
26.10053568637917	-2.643895083445662e-15
26.12811166667372	-2.570997746854872e-15
26.15568764696827	-2.500110698974442e-15
26.18326362726282	-2.431178491594344e-15
26.21083960755737	-2.364147206543434e-15
26.23841558785192	-2.298964412735884e-15
26.26599156814647	-2.235579125632661e-15
26.29356754844102	-2.173941767205193e-15
26.32114352873557	-2.114004127126345e-15
26.34871950903012	-2.055719325032427e-15
26.37629548932467	-1.99904177382671e-15
26.40387146961922	-1.943927143995653e-15
26.43144744991377	-1.890332328909935e-15
26.45902343020832	-1.838215410982035e-15
26.48659941050287	-1.787535629264941e-15
26.51417539079742	-1.738253346936499e-15
26.54175137109197	-1.690330020674872e-15
26.56932735138652	-1.643728170393427e-15
26.59690333168107	-1.598411349905091e-15
26.62447931197562	-1.554344118396225e-15
26.65205529227017	-1.511492012687646e-15
26.67963127256472	-1.469821520261012e-15
26.70720725285927	-1.429300053029344e-15
26.73478323315382	-1.389895902650091e-15
26.76235921344837	-1.351578306356512e-15
26.78993519374292	-1.314317254476082e-15
26.81751117403747	-1.278083618924341e-15
26.84508715433202	-1.242849065834947e-15
26.87266313462657	-1.208586042288447e-15
26.90023911492112	-1.175267755246122e-15
26.92781509521567	-1.142868150673489e-15
26.95539107551022	-1.111361893176677e-15
26.98296705580477	-1.080724346184881e-15
27.01054303609932	-1.05093155242413e-15
27.03811901639387	-1.021960216222964e-15
27.06569499668842	-9.937876836378009e-16
27.09327097698297	-9.663919258592716e-16
27.12084695727752	-9.397515216862516e-16
27.14842293757207	-9.138456407632839e-16
27.17599891786662	-8.886540272805391e-16
27.20357489816117	-8.641569841235429e-16
27.23115087845572	-8.403353574602571e-16
27.25872685875027	-8.171705217534468e-16
27.28630283904482	-7.946443646241162e-16
27.31387881933937	-7.727392749206962e-16
27.34145479963392	-7.514381256442709e-16
27.36903077992847	-7.307242626819991e-16
27.39660676022302	-7.105814912718082e-16
27.42418274051757	-6.909940633520231e-16
27.45175872081212	-6.719466653110542e-16
27.47933470110667	-6.534244063640971e-16
27.50691068140122	-6.354128116279918e-16
27.53448666169577	-6.178977596548215e-16
27.56206264199032	-6.008656266733515e-16
27.58963862228487	-5.843030505347222e-16
27.61721460257942	-5.68197094111341e-16
27.64479058287397	-5.525351664217824e-16
27.67236656316852	-5.373050237354409e-16
27.69994254346307	-5.224947599943571e-16
27.72751852375762	-5.080927974989719e-16
27.75509450405217	-4.940878778507176e-16
27.78267048434672	-4.804690531444341e-16
27.81024646464127	-4.672256774037529e-16
27.83782244493582	-4.543473983055087e-16
27.86539842523037	-4.418241488627523e-16
27.89297440552492	-4.29646139885088e-16
27.92055038581947	-4.178038520947982e-16
27.94812636611402	-4.062880287363982e-16
27.97570234640857	-3.950896683354538e-16
28.00327832670312	-3.842000176571643e-16
28.03085430699767	-3.736105648592071e-16
28.05843028729223	-3.633130328334782e-16
28.08600626758678	-3.532993727315199e-16
28.11358224788133	-3.435617576296317e-16
28.14115822817588	-3.340925765668912e-16
28.16873420847043	-3.248844283474403e-16
28.19631018876498	-3.159301159143675e-16
28.22388616905953	-3.072226406801827e-16
28.25146214935408	-2.987551970527193e-16
28.27903812964863	-2.905211671120486e-16
28.30661410994318	-2.825141154342412e-16
28.33419009023773	-2.747277840579254e-16
28.36176607053228	-2.671560875896998e-16
28.38934205082683	-2.597931081667451e-16
28.41691803112138	-2.526330917918926e-16
28.44449401141593	-2.456704421833068e-16
28.47206999171048	-2.388997207846839e-16
28.49964597200503	-2.323156311559999e-16
28.52722195229958	-2.259130310500737e-16
28.55479793259413	-2.196869163674555e-16
28.58237391288868	-2.136324214464095e-16
28.60994989318323	-2.077448148297948e-16
28.63752587347778	-2.020194955352429e-16
28.66510185377233	-1.964519895759106e-16
28.69267783406688	-1.910379459548238e-16
28.72025381436143	-1.857731340141342e-16
28.74782979465598	-1.806534396416492e-16
28.77540577495053	-1.756748621662498e-16
28.80298175524508	-1.708335112293676e-16
28.83055773553963	-1.661256037427141e-16
28.85813371583418	-1.615474609299091e-16
28.88570969612873	-1.570955054497082e-16
28.91328567642328	-1.527662585985799e-16
28.94086165671783	-1.485563374173791e-16
28.96843763701238	-1.444624527588321e-16
28.99601361730693	-1.404814056281046e-16
29.02358959760148	-1.366100854074322e-16
29.05116557789603	-1.328454672450147e-16
29.07874155819058	-1.291846096898712e-16
29.10631753848513	-1.256246523919279e-16
29.13389351877968	-1.221628138655388e-16
29.16146949907423	-1.187963893146911e-16
29.18904547936878	-1.155227485181906e-16
29.21662145966333	-1.123393337414313e-16
29.24419743995788	-1.092436578569872e-16
29.27177342025243	-1.062333022332924e-16
29.29934940054698	-1.033059149465424e-16
29.32692538084153	-1.004592089195554e-16
29.35450136113608	-9.769096013699906e-17
29.38207734143063	-9.499900591788443e-17
29.40965332172518	-9.238124328044083e-17
29.43722930201973	-8.983562798994935e-17
29.46480528231428	-8.736016490322103e-17
29.49238126260883	-8.495293107675953e-17
29.51995724290338	-8.261203934641272e-17
29.54753322319793	-8.033566182731221e-17
29.57510920349248	-7.812202036378944e-17
29.60268518378703	-7.596938571248534e-17
29.63026116408158	-7.387607628158721e-17
29.65783714437613	-7.184045683228026e-17
29.68541312467068	-6.986093720482387e-17
29.71298910496523	-6.793597107702379e-17
29.74056508525978	-6.606405475607444e-17
29.76814106555433	-6.424372595423685e-17
29.79571704584888	-6.247356285089992e-17
29.82329302614343	-6.075218266337937e-17
29.85086900643798	-5.90782407824857e-17
29.87844498673253	-5.7450429667135e-17
29.90602096702708	-5.586747782227282e-17
29.93359694732163	-5.432814880498506e-17
29.96117292761618	-5.283124025801834e-17
29.98874890791073	-5.137558296995356e-17
30.01632488820528	-4.996003996129792e-17
30.04390086849983	-4.858350556958242e-17
30.07147684879438	-4.724490469046955e-17
30.09905282908893	-4.594319178115785e-17
30.12662880938348	-4.467735014505898e-17
30.15420478967803	-4.344639111268032e-17
30.18178076997258	-4.224935326921189e-17
30.20935675026713	-4.108530170395342e-17
30.23693273056168	-3.995332728238434e-17
30.26450871085623	-3.885254594834716e-17
30.29208469115078	-3.778209815955693e-17
30.31966067144533	-3.674114693985005e-17
30.34723665173988	-3.572888055692929e-17
30.37481263203443	-3.474450798175467e-17
30.40238861232898	-3.378726044976627e-17
30.42996459262353	-3.285639038747053e-17
30.45754057291808	-3.19511708282085e-17
30.48511655321263	-3.107089484403303e-17
30.51269253350718	-3.021487499325127e-17
30.54026851380173	-2.938244278320029e-17
30.56784449409628	-2.857294814783597e-17
30.59542047439083	-2.778575894533907e-17
30.62299645468539	-2.702026044122841e-17
30.65057243497994	-2.627585486249474e-17
30.67814841527449	-2.555196090767353e-17
30.70572439556904	-2.48480132981636e-17
30.73330037586359	-2.416346233650153e-17
30.76087635615814	-2.34977734768174e-17
30.78845233645269	-2.285042690713639e-17
30.81602831674724	-2.22209171432019e-17
30.84360429704179	-2.160875263350563e-17
30.87118027733634	-2.101345537737741e-17
30.89875625763089	-2.043456054346311e-17
30.92633223792544	-1.987161611798841e-17
30.95390821821999	-1.932418254485123e-17
30.98148419851454	-1.879183238495117e-17
31.00906017880909	-1.827414998726759e-17
31.03663615910364	-1.777073121113132e-17
31.06421213939819	-1.728118213713923e-17
31.09178811969274	-1.680512236089071e-17
31.11936409998729	-1.634217880537399e-17
31.14694008028184	-1.589199020821469e-17
31.17451606057639	-1.54542054105899e-17
31.20209204087094	-1.502848237021951e-17
31.22966802116549	-1.461448874840582e-17
31.25724400146004	-1.42119013340773e-17
31.28481998175459	-1.382040581864252e-17
31.31239596204914	-1.343969655450968e-17
31.33997194234369	-1.306947631733513e-17
31.36754792263824	-1.270945607416622e-17
31.39512390293279	-1.235935475777703e-17
31.42269988322734	-1.201889904278525e-17
31.45027586352189	-1.168782315056426e-17
31.47785184381644	-1.136586861269012e-17
31.50542782411099	-1.105278408907046e-17
31.53300380440554	-1.074832516648274e-17
31.56057978470009	-1.045225416763772e-17
31.58815576499464	-1.016433996550711e-17
31.61573174528919	-9.884357802770169e-18
31.64330772558374	-9.612089116238259e-18
31.67088370587829	-9.347321366119868e-18
31.69845968617284	-9.089847869992697e-18
31.72603566646739	-8.839467641353004e-18
31.75361164676194	-8.595985232615935e-18
31.78118762705649	-8.359210582444136e-18
31.80876360735104	-8.128958867285291e-18
31.83633958764559	-7.905050357002495e-18
31.86391556794014	-7.68731027448463e-18
31.89149154823469	-7.475568659127015e-18
31.91906752852924	-7.269660234075535e-18
31.94664350882379	-7.069424277130599e-18
31.97421948911834	-6.874704495209883e-18
32.00179546941289	-6.685348902271821e-18
32.02937144970744	-6.501209700604412e-18
32.05694743000199	-6.322143165386497e-18
32.08452341029654	-6.14800953243134e-18
32.11209939059109	-5.978672889024747e-18
32.13967537088564	-5.81400106777238e-18
32.16725135118019	-5.653865543373342e-18
32.19482733147474	-5.498141332239292e-18
32.22240331176929	-5.346706894880711e-18
