0
1000	105.6583745	100000000000000.1
5	0	0	1
5	0	0	0
4.673998997513734	0.0678767469581612
4.701574977808284	0.2712673758789301
4.729150958102834	0.57493737196865
4.756726938397384	0.9861361522270012
4.784302918691934	1.508394914489237
4.811878898986484	2.143014275456156
4.839454879281035	2.890029159073594
4.867030859575585	3.748810068608371
4.894606839870135	4.71843012728728
4.922182820164685	5.797885560952666
4.949758800459235	6.986225486663455
4.977334780753785	8.282625820998724
5.004910761048335	9.686428865144094
5.032486741342885	11.19716191776985
5.060062721637435	12.8145432058041
5.087638701931986	14.53848029308053
5.115214682226536	16.3690641814195
5.142790662521086	18.30656110183207
5.170366642815636	20.35140322853752
5.197942623110186	22.50417906481859
5.225518603404736	24.765623944138
5.253094583699286	27.13661089598157
5.280670563993836	29.61814200323452
5.308246544288386	32.2113403018877
5.335822524582936	34.91744222614174
5.363398504877487	37.73779057375244
5.390974485172037	40.67382795034474
5.418550465466587	43.72709064316173
5.446126445761137	46.89920285421523
5.473702426055687	50.19187107021315
5.501278406350237	53.60776791904819
5.528854386644787	57.14931028282943
5.556430366939337	60.81589809647432
5.584006347233887	64.61022852809552
5.611582327528438	68.53523945946364
5.639158307822988	72.59132504783686
5.666734288117538	76.7797252308704
5.694310268412088	81.10549447069664
5.721886248706638	85.56905834545788
5.749462229001188	90.17245696173043
5.777038209295738	94.91958861805831
5.804614189590288	99.81153899469723
5.832190169884838	104.8524804145656
5.859766150179389	110.0435975804597
5.887342130473939	115.3880235454064
5.914918110768489	120.8910583273379
5.942494091063039	126.5521119454664
5.970070071357589	132.3767208866909
5.997646051652139	138.3676510946769
6.025222031946689	144.5278110895583
6.052798012241239	150.8622710393208
6.080373992535789	157.3735304600688
6.107949972830339	164.065531716964
6.13552595312489	170.9417359560132
6.16310193341944	178.0052876876298
6.19067791371399	185.2625330398299
6.21825389400854	192.7158693357057
6.24582987430309	200.364291042033
6.27340585459764	208.2303775582017
6.30098183489219	216.3016127814296
6.32855781518674	224.5867771591487
6.35613379548129	233.0915697727167
6.383709775775841	241.823613964311
6.411285756070391	250.7864577281513
6.438861736364941	259.9840762409184
6.466437716659491	269.4255741462808
6.494013696954041	279.1141249761656
6.521589677248591	289.0592934986074
6.549165657543141	299.2653512807601
6.576741637837691	309.7366111077345
6.604317618132241	320.4694622003786
6.631893598426791	331.5089510718316
6.659469578721342	342.8235978218333
6.687045559015892	354.4353060194269
6.714621539310442	366.3478044899586
6.742197519604992	378.5732168694036
6.769773499899542	391.1159251352181
6.797349480194092	403.9860406987264
6.824925460488642	417.1894380717564
6.852501440783192	430.7378230189623
6.880077421077742	444.6411502853733
6.907653401372293	458.9038928875958
6.935229381666843	473.5402988202403
6.962805361961393	488.5548833833962
6.990381342255943	503.9617702997148
7.017957322550493	519.7703952497038
7.045533302845043	535.988764416494
7.073109283139593	552.6302717058054
7.100685263434143	569.7068617253665
7.128261243728693	587.2263940264173
7.155837224023244	605.202035222307
7.183413204317794	623.646437965435
7.210989184612344	642.5739635983268
7.238565164906894	661.9924880537443
7.266141145201444	681.9164810209786
7.293717125495994	702.3629753394978
7.321293105790544	723.3412735688817
7.348869086085094	744.8669689543099
7.376445066379644	766.9554972667257
7.404021046674194	789.6232125478613
7.431597026968745	812.8803569214584
7.459173007263295	836.74544086191
7.486748987557845	861.2339117733723
7.514324967852395	886.3680421348998
7.541900948146945	912.1556746836461
7.569476928441495	938.6188978682959
7.597052908736045	965.7750078696757
7.624628889030595	993.6417520565867
7.652204869325145	1022.242409091492
7.679780849619696	1051.589599590834
7.707356829914246	1081.707225883666
7.734932810208796	1112.616571151069
7.762508790503346	1144.33560688036
7.790084770797896	1176.891710260759
7.817660751092446	1210.300159404652
7.845236731386996	1244.586403690558
7.872812711681546	1279.774215964667
7.900388691976096	1315.873113655826
7.927964672270646	1352.951320830315
7.955540652565197	1390.994361551598
7.983116632859747	1430.035058551556
8.010692613154298	1470.106586347521
8.038268593448848	1511.232607809223
8.065844573743398	1553.441736923434
8.093420554037948	1596.76511660638
8.120996534332498	1641.234847037133
8.148572514627048	1686.873085101957
8.176148494921598	1733.714778034601
8.203724475216148	1781.801609669062
8.231300455510699	1831.110822719006
8.258876435805249	1881.807114318805
8.286452416099799	1933.810092816484
8.314028396394349	1987.171308968244
8.341604376688899	2041.95816680475
8.369180356983449	2098.175367022698
8.396756337277999	2155.903089992664
8.424332317572549	2215.162826289845
8.451908297867099	2275.95861233391
8.47948427816165	2338.39425778403
8.5070602584562	2402.469244749443
8.53463623875075	2468.249325871197
8.5622122190453	2535.762460816111
8.58978819933985	2605.079991908949
8.6173641796344	2676.22181465773
8.64494015992895	2749.263354686343
8.6725161402235	2824.229218505215
8.70009212051805	2901.195373877846
8.7276681008126	2980.194393398129
8.755244081107151	3061.309217046342
8.782820061401701	3144.557827472326
8.810396041696251	3230.035959424383
8.837972021990801	3317.761279033447
8.865548002285351	3407.799496745409
8.893123982579901	3500.289697562981
8.920699962874451	3595.199454010512
8.948275943169001	3692.648147059958
8.975851923463551	3792.674122594138
9.003427903758102	3895.378561891941
9.031003884052652	4000.79124538288
9.058579864347202	4109.00549416946
9.086155844641752	4220.119092900524
9.113731824936302	4332.763322234029
9.141307805230852	4450.184601142828
9.168883785525402	4569.835865529852
9.196459765819952	4693.724436706614
9.224035746114502	4819.424573877572
9.251611726409052	4950.266547121427
9.279187706703603	5083.101451261228
9.306763686998153	5220.846605590256
9.334339667292703	5362.113359182864
9.361915647587253	5508.088154585941
9.389491627881803	5657.698430829498
9.417067608176353	5810.003825879093
9.444643588470903	5968.130209204683
9.472219568765453	6128.963641103436
9.499795549060003	6295.932406687241
9.527371529354554	6466.400283638961
9.554947509649104	6642.828655501136
9.582523489943654	6823.747588134581
9.610099470238204	7008.180383962125
9.637675450532754	7199.373813841099
9.665251430827304	7394.037148037874
9.692827411121854	7596.314405808389
9.720403391416404	7803.586528796885
9.747979371710954	8015.677232422291
9.775555352005505	8234.610590885008
9.803131332300055	8457.737231597657
9.830707312594605	8689.311450139705
9.858283292889155	8926.814196654905
9.885859273183705	9169.369505269749
9.913435253478255	9420.615175632409
9.941011233772805	9678.290677695144
9.968587214067355	9942.225207032652
9.996163194361905	10214.26369423827
10.02373917465646	10494.22807574502
10.05131515495101	10779.84694086065
10.07889113524556	11075.26811405725
10.10646711554011	11379.02017168598
10.13404309583466	11689.14188449684
10.16161907612921	12009.78735228815
10.18919505642376	12339.37198104051
10.21677103671831	12676.6805825343
10.24434701701286	13024.47214410043
10.27192299730741	13382.07738127245
10.29949897760196	13747.34530854244
10.32707495789651	14125.28506714073
10.35465093819106	14512.99141373115
10.38222691848561	14909.58853706119
10.40980289878016	15319.43151116269
10.43737887907471	15740.35643059967
10.46495485936926	16172.96169831531
10.49253083966381	16616.18951397092
10.52010681995836	17072.91713890272
10.54768280025291	17542.31073267722
10.57525878054746	18022.37795043894
10.60283476084201	18518.28248908655
10.63041074113656	19027.54052137816
10.65798672143111	19550.8357888685
10.68556270172566	20086.57240731111
10.71313868202021	20639.04892939788
10.74071466231476	21207.25065370501
10.76829064260931	21790.78631953335
10.79586662290386	22389.00148021269
10.82344260319841	23005.23272886961
10.85101858349296	23638.35528197756
10.87859456378751	24286.52861520649
10.90617054408206	24955.44933693748
10.93374652437661	25642.38909294997
10.96132250467116	26348.31653825036
10.98889848496571	27071.35460491613
11.01647446526026	27817.03949923113
11.04405044555481	28581.8442704344
11.07162642584936	29370.04795942737
11.09920240614391	30178.77927071576
11.12677838643846	31008.45637149923
11.15435436673301	31862.28310458748
11.18193034702756	32739.81774191726
11.20950632732211	33641.26052091276
11.23708230761666	34565.41746983086
11.26465828791121	35517.92450267143
11.29223426820576	36495.735081238
11.31981024850031	37500.81128865658
11.34738622879486	38531.14566776842
11.37496220908941	39592.6897182459
11.40253818938396	40683.18242390957
11.43011416967851	41801.89236972494
11.45769014997306	42955.05357201056
11.48526613026761	44136.5840665747
11.51284211056216	45352.42535852564
11.54041809085671	46601.33729947262
11.56799407115126	47884.72099055896
11.59557005144581	49203.34791853745
11.62314603174036	50556.10543881522
11.65072201203491	51543.45342043553
11.67829799232946	53379.24165797584
11.70587397262401	54849.25126329609
11.73344995291856	56359.7341055451
11.76102593321311	57909.3389291581
11.78860191350766	59504.87674521329
11.81617789380221	61142.90836442095
11.84375387409676	62826.5602316805
11.87132985439131	64556.54826368742
11.89890583468586	66332.58809716094
11.92648181498041	68159.26022182957
11.95405779527496	70035.86855021071
11.98163377556951	71964.24956771961
12.00920975586406	73945.48690596422
12.03678573615861	75978.68604844852
12.06436171645316	78070.69793608083
12.09193769674771	80219.9768954848
12.11951367704226	82428.66732015408
12.14708965733681	84697.84112554304
12.17466563763136	87029.34677933705
12.20224161792591	89422.40018613198
12.22981759822046	91884.23347396808
12.25739357851501	94413.53851110421
12.28496955880956	97012.4121291272
12.31254553910411	99682.63596348153
12.34012151939866	102426.1927848563
12.36769749969321	105243.3975716837
12.39527347998776	108140.3833293645
12.42284946028231	111116.4376953791
12.45042544057686	114174.4397861297
12.47800142087141	117316.3980394344
12.50557740116597	120544.6403701674
12.53315338146052	123859.0886698693
12.56072936175507	127267.7069477895
12.58830534204962	130769.6440576231
12.61588132234417	134367.9966302071
12.64345730263872	138065.14377965
12.67103328293327	141864.0825445403
12.69860926322782	145764.0659721652
12.72618524352237	149774.8848895455
12.75376122381692	153895.2038039109
12.78133720411147	158129.7070672608
12.80891318440602	162480.0551570358
12.83648916470057	166949.966013802
12.86406514499512	171542.584106718
12.89164112528967	176259.8110624098
12.91921710558422	181108.4528891247
12.94679308587877	186090.2224674592
12.97436906617332	191209.0401274428
13.00194504646787	196468.5247723196
13.02952102676242	201872.3676294062
13.05709700705697	207424.7225819181
13.08467298735152	213126.752595285
13.11224896764607	218988.9072214769
13.13982494794062	225011.8029339083
13.16740092823517	231200.4698846539
13.19497690852972	237558.9694007649
13.22255288882427	244092.2083731274
13.25012886911882	250804.9306139305
13.27770484941337	257698.9514314234
13.30528082970792	264786.1257016528
13.33285681000247	272068.5659016571
13.36043279029702	279549.6431364666
13.38800877059157	287236.9883450056
13.41558475088612	295135.547835335
13.44316073118067	303251.1071813537
13.47073671147522	311589.6446565281
13.49831269176977	320155.3281627503
13.52588867206432	328958.8091666728
13.55346465235887	338003.6378546376
13.58104063265342	347297.6380035681
13.60861661294797	356846.6800971199
13.63619259324252	366658.1553054773
13.66376857353707	376739.2044692359
13.69134455383162	387097.276313775
13.71892053412617	397736.8216359144
13.74649651442072	408672.4572439092
13.77407249471527	419909.2402505696
13.80164847500982	431453.0853788235
13.82922445530437	443315.0246029552
13.85680043559892	455502.9193987869
13.88437641589347	468025.6949640745
13.91195239618802	480892.7165524747
13.93952837648257	494113.1670876422
13.96710435677712	507693.8458499949
13.99468033707167	521651.5400712275
14.02225631736622	535992.276969093
14.04983229766077	550727.4798574676
14.07740827795532	565867.4906156064
14.10498425824987	581423.4411175346
14.13256023854442	597407.1814128713
14.16013621883897	613829.9804450619
14.18771219913352	630704.1269025357
14.21528817942807	648040.0625849129
14.24286415972262	665854.7577208857
14.27044014001717	684158.7646451683
14.29801612031172	702966.1178443925
14.32559210060627	722289.8838248283
14.35316808090082	742145.5046241566
14.38074406119537	762546.3417924276
14.40832004148992	783508.0239269685
14.43589602178447	805045.7481914619
14.46347200207902	827171.9983060572
14.49104798237357	849910.4211001516
14.51862396266812	873273.9766256318
14.54619994296267	897278.8233343081
14.57377592325722	921944.1608442153
14.60135190355177	947287.2397816645
14.62892788384632	973326.9374249124
14.65650386414087	1000082.280064346
14.68407984443542	1027573.067840499
14.71165582472997	1055819.495568811
14.73923180502452	1084838.782273082
14.76680778531907	1114659.882862385
14.79438376561362	1145301.23436361
14.82195974590817	1176783.379845192
14.84953572620272	1209131.719147607
14.87711170649727	1242369.199606461
14.90468768679182	1276520.318249537
14.93226366708637	1311610.201348567
14.95983964738092	1347664.665639439
14.98741562767547	1384710.47830451
15.01499160797002	1422774.237716519
15.04256758826457	1461879.829394011
15.07014356855912	1502068.223860704
15.09771954885368	1543357.727588341
15.12529552914823	1585784.122390722
15.15287150944278	1629375.989142807
15.18044748973733	1674166.240922038
15.20802347003188	1720187.827215711
15.23559945032643	1767474.636647339
15.26317543062098	1816061.446950137
15.29075141091553	1865983.993577651
15.31832739121008	1917279.199403945
15.34590337150463	1969980.809185624
15.37347935179918	2024135.450470547
15.40105533209373	2079779.628854025
15.42863131238828	2136952.620409023
15.45620729268283	2195698.047084368
15.48378327297738	2256058.561382971
15.51135925327193	2318078.624744135
15.53893523356648	2381803.887018096
15.56651121386103	2447281.250320134
15.59408719415558	2514559.081818854
15.62166317445013	2583686.560511406
15.64923915474468	2654714.789849415
15.67681513503923	2727692.242808062
15.70439111533378	2802680.677254555
15.73196709562833	2879731.233059627
15.75954307592288	2958899.574998478
15.78711905621743	3040245.328475433
15.81469503651198	3123827.856495167
15.84227101680653	3209708.612291176
15.86984699710108	3297950.749338669
15.89742297739563	3388619.699725065
15.92499895769018	3481781.693362932
15.95257493798473	3577505.494278674
15.98015091827928	3675861.579593083
16.00772689857383	3776919.620749657
16.03530287886838	3880759.84662634
16.06287885916293	3987455.598803374
16.09045483945748	4097082.309042941
16.11803081975203	4209729.848155174
16.14560680004658	4325472.186055913
16.17318278034113	4444397.370339753
16.20075876063568	4566593.361743934
16.22833474093023	4692149.638764841
16.25591072122478	4821158.991341618
16.28348670151933	4953716.135728386
16.31106268181388	5089918.880388353
16.33863866210843	5229867.497337878
16.36621464240298	5373664.955416528
16.39379062269753	5521413.14304758
16.42136660299208	5673228.589662772
16.44894258328663	5829221.3265592
16.47651856358118	5989502.777888549
16.50409454387573	6154192.119904562
16.53167052417028	6323412.944563767
16.55924650446483	6497286.834122247
16.58682248475938	6675942.967411414
16.61439846505393	6859512.91510622
16.64197444534848	7048131.858812654
16.66955042564303	7241938.740696914
16.69712640593758	7441076.287177127
16.72470238623213	7645691.12821584
16.75227836652668	7855934.13929935
16.77985434682123	8071955.43154451
16.80743032711578	8293923.777704308
16.83500630741033	8521997.546817444
16.86258228770488	8756345.744857276
16.89015826799943	8997137.714267757
16.91773424829398	9244554.650964485
16.94531022858853	9498777.048676344
16.97288620888308	9759992.425591856
17.00046218917763	10028393.1944518
17.02803816947218	10304177.03923663
17.05561414976673	10587547.30366753
17.08319013006128	10878712.37148749
17.11076611035583	11177886.97705566
17.13834209065038	11485291.54008703
17.16591807094493	11801152.46755041
17.19349405123948	12125702.39223273
17.22107003153403	12459178.17701133
17.24864601182858	12801830.36772827
17.27622199212313	13153908.92420749
17.30379797241768	13515672.93069207
17.33137395271223	13887389.49539408
17.35894993300678	14269331.95726312
17.38652591330133	14661782.12145017
17.41410189359588	15065028.77173308
17.44167787389043	15479369.20432707
17.46925385418498	15905108.7047176
17.49682983447953	16342560.9636074
17.52440581477408	16792048.26046009
17.55198179506863	17253901.94338207
17.57955777536318	17728462.15657028
17.60713375565773	18216078.96228565
17.63470973595228	18717111.21062512
17.66228571624683	19231923.23923794
17.68986169654139	19760905.01579418
17.71743767683594	20304440.97750786
17.74501365713049	20862931.51334836
17.77258963742504	21436787.24387843
17.80016561771959	22026418.79009313
17.82774159801414	22632301.66466396
17.85531757830869	23254840.67887092
17.88289355860324	23894509.64709227
17.91046953889779	24551777.08044166
17.93804551919234	25227130.1026756
17.96562149948689	25921065.75437352
17.99319747978144	26634094.91689581
18.02077346007599	27366743.9985952
18.04834944037054	28119552.35395533
18.07592542066509	28893075.17792164
18.10350140095964	29687882.37926255
18.13107738125419	30504559.98469246
18.15865336154874	31343704.79928918
18.18622934184329	32205946.02867178
18.21380532213784	33091913.64637048
18.24138130243239	34002260.94719221
18.26895728272694	34937657.7801464
18.29653326302149	35898795.33051948
18.32410924331604	36886381.18421247
18.35168522361059	37901143.89691525
18.37926120390514	38943831.13307733
18.40683718419969	40015211.6516867
18.43441316449424	41116074.79625364
18.46198914478879	42247233.92613716
18.48956512508334	43409520.88672913
18.51714110537789	44603793.37742932
18.54471708567244	45830931.85420754
18.57229306596699	47091841.14192428
18.59986904626154	48387450.72316848
18.62744502655609	49718715.76003152
18.65502100685064	51086618.24551009
18.68259698714519	52492163.27542506
18.71017296743974	53936393.17884638
18.73774894773429	55420370.34642918
18.76532492802884	56945188.67537149
18.79290090832339	58511971.85596143
18.82047688861794	60121876.07961438
18.84805286891249	61776088.22173303
18.87562884920704	63475828.29568017
18.90320482950159	65222347.97035083
18.93078080979614	67016937.44689978
18.95835679009069	68860918.9659982
18.98593277038524	70755652.42102499
19.01350875067979	72702535.02867062
19.04108473097434	74703003.70769742
19.06866071126889	76758531.00817282
19.09623669156344	78870634.78541771
19.12381267185799	81040872.76004042
19.15138865215254	83270845.01153977
19.17896463244709	85562196.19616848
19.20654061274164	87916616.25682311
19.23411659303619	90335841.63530992
19.26169257333074	92821651.60159206
19.28926855362529	95375889.92134288
19.31684453391984	98000435.51452573
19.34442051421439	100697223.9744673
19.37199649450894	103468243.2086582
19.39957247480349	106315539.1451219
19.42714845509804	109241210.904377
19.45472443539259	112247413.6387897
19.48230041568714	115336372.5162936
19.50987639598169	118510361.2101033
19.53745237627624	121771719.803342
19.56502835657079	125122855.4757884
19.59260433686534	128566240.3804326
19.62018031715989	132104414.9267664
19.64775629745444	135739989.2892599
19.67533227774899	139475644.5881254
19.70290825804354	143314137.6922781
19.73048423833809	147258299.8246535
19.75806021863264	151311041.0513876
19.78563619892719	155475351.2667552
19.81321217922174	159754303.0194986
19.84078815951629	164151053.4796759
19.86836413981084	168668839.7382527
19.89594012010539	173311008.1019119
19.92351610039994	178080976.5205075
19.95109208069449	182982273.5159643
19.97866806098904	188018491.9986407
20.00624404128359	193193367.5023169
20.03382002157814	198510716.7819086
20.06139600187269	203974459.0485362
20.08897198216724	209588627.9751177
20.11654796246179	215357364.9423609
20.14412394275634	221284927.3431944
20.17169992305089	227375686.8407672
20.19927590334544	233634146.6178928
20.22685188363999	240064915.2529545
20.25442786393454	246672743.6322577
20.2820038442291	253462505.7765477
20.30957982452365	260439213.363119
20.3371558048182	267608015.0369487
20.36473178511275	274974201.4478557
20.3923077654073	282543207.4531304
20.41988374570185	290320619.9399804
20.4474597259964	298312185.4247178
20.47503570629095	306523792.3417273
20.5026116865855	314961505.2617347
20.53018766688005	323631552.7520295
20.5577636471746	332540327.4799126
20.58533962746915	341694415.1317178
20.6129156077637	351100573.0575391
20.64049158805825	360765726.9563853
20.6680675683528	370697027.9562233
20.69564354864735	380901801.8594252
20.7232195289419	391387579.6668724
20.75079550923645	402162102.6422625
20.778371489531	413233321.8258589
20.80594746982555	424609412.0888946
20.8335234501201	436298762.8456166
20.86109943041465	448310020.9359012
20.8886754107092	460652040.6493059
20.91625139100375	473333931.1361554
20.9438273712983	486365058.2710428
20.97140335159285	499755039.1603248
20.9989793318874	513513760.6078089
21.02655531218195	527651379.5644082
21.0541312924765	542178331.0216109
21.08170727277105	557105341.6263222
21.1092832530656	572443431.0558212
21.13685923336015	588203920.6725754
21.1644352136547	604398447.3261434
21.19201119394925	621038966.2289842
21.2195871742438	638137763.6399087
21.24716315453835	655707458.4093821
21.2747391348329	673761031.8450993
21.30231511512745	692311798.2304019
21.329891095422	711373469.2938578
21.35746707571655	730960110.0223166
21.3850430560111	751086181.621086
21.41261903630565	771766543.2539228
21.4401950166002	793016466.5176592
21.46777099689475	814851635.3051733
21.4953469771893	837288175.7353384
21.52292295748385	860342652.5640606
21.5504989377784	884032084.2610468
21.57807491807295	908373965.8665792
21.6056508983675	933386267.3758484
21.63322687866205	959087457.5487238
21.6608028589566	985496512.6049039
21.68837883925115	1012632931.797222
21.7159548195457	1040516751.965652
21.74353079984025	1069168561.936216
21.7711067801348	1098609515.893299
21.79868276042935	1128861356.576355
21.8262587407239	1159946389.492303
21.85383472101845	1191887648.564386
21.881410701313	1224708643.965138
21.90898668160755	1258433627.403057
21.9365626619021	1293087509.779245
21.96413864219665	1328695877.160796
21.9917146224912	1365285022.54624
22.01929060278575	1402881965.006033
22.0468665830803	1441514469.631941
22.07444256337485	1481211058.850909
22.1020185436694	1522001045.607042
22.12959452396395	1563914560.593009
22.1571705042585	1606982548.554974
22.18474648455305	1651236813.094664
22.2123224648476	1696710035.482486
22.23989844514215	1743435794.101626
22.2674744254367	1791448616.533103
22.29505040573125	1840783910.773635
22.3226263860258	1891478158.593354
22.35020236632035	1943568777.057294
22.3777783466149	1997094239.627014
22.40535432690945	2052094075.553075
22.432930307204	2108608902.525588
22.46050628749855	2166680461.103387
22.4880822677931	2226351631.913499
22.51565824808765	2287666511.711071
22.5432342283822	2350670357.077621
22.57081020867675	2415409711.110631
22.5983861889713	2481932386.446931
22.62596216926585	2550287511.91781
22.6535381495604	2620525580.750897
22.68111412985495	2692698469.294658
22.7086901101495	2766859485.47349
22.73626609044405	2843063409.507596
22.7638420707386	2921366519.522903
22.79141805103315	3001826654.82872
22.8189940313277	3084503255.880487
22.84657001162225	3169457379.90795
22.87414599191681	3256751777.640733
22.90172197221136	3346450943.32059
22.92929795250591	3438621128.473918
22.95687393280046	3533330414.381211
22.98444991309501	3630648777.347038
23.01202589338956	3730648086.418302
23.03960187368411	3833402226.741907
23.06717785397866	3938987095.731822
23.09475383427321	4047480695.294346
23.12232981456776	4158962502.508778
23.14990579486231	4273516883.539997
23.17748177515686	4391226459.063338
23.20505775545141	4512178849.070772
23.23263373574596	4636463432.486194
23.26020971604051	4764171990.440445
23.28778569633506	4895398911.971509
23.31536167662961	5030241124.64304
23.34293765692416	5168798250.163323
23.37051363721871	5311172659.341181
23.39808961751326	5457469540.633858
23.42566559780781	5607796986.849929
23.45324157810236	5762266056.512856
23.48081755839691	5920990890.787065
23.50839353869146	6084088742.66371
23.53596951898601	6251680148.32942
23.56354549928056	6423888919.842339
23.59112147957511	6600842295.079235
23.61869745986966	6782671026.00199
23.64627344016421	6969509469.642492
23.67384942045876	7161495675.833215
23.70142540075331	7358771509.57476
23.72900138104786	7561482736.226044
23.75657736134241	7769779149.611312
23.78415334163696	7983814683.500596
23.81172932193151	8203747475.213367
23.83930530222606	8429740050.940638
23.86688128252061	8661959411.470034
23.89445726281516	8900577165.06348
23.92203324310971	9145769641.244759
23.94960922340426	9397718032.352921
23.97718520369881	9656608521.052496
24.00476118399336	9922632451.909779
24.03233716428791	10195986392.46536
24.05991314458246	10476872412.43638
24.08748912487701	10765497989.52997
24.11506510517156	11062076523.51567
24.14264108546611	11366827167.46119
24.17021706576066	11679975154.40811
24.19779304605521	12001751913.62823
24.22536902634976	12332395257.05899
24.25294500664431	12672149570.33363
24.28052098693886	13021265924.49467
24.30809696723341	13380002458.96737
24.33567294752796	13748624165.80971
24.36324892782251	14127403599.52776
24.39082490811706	14516620690.98455
24.41840088841161	14916563130.44487
24.44597686870616	15327526526.35757
24.47355284900071	15749814642.18064
24.50112882929526	16183739602.05999
24.52870480958981	16629622173.93356
24.55628078988436	17087791941.04775
24.58385677017891	17558587491.32748
24.61143275047346	18042356943.84105
24.63900873076801	18539457850.38074
24.66658471106256	19050257667.45158
24.69416069135711	19575133993.4516
24.72173667165166	20114474818.29972
24.74931265194621	20668678827.48129
24.77688863224076	21238155744.04612
24.80446461253531	21823326529.49435
24.83204059282986	22424623786.65804
24.85961657312441	23042491942.69658
24.88719255341896	23677387896.43825
24.91476853371351	24329780959.19071
24.94234451400806	25000153423.32161
24.96992049430261	25689000908.49086
24.99749647459716	26396832676.40575
25.02507245489171	27124172023.32857
25.05264843518626	27871556705.55057
25.08022441548081	28639539277.8831
25.10780039577536	29428687508.78739
25.13537637606991	30239585848.65958
25.16295235636446	31072830730.41197
25.19052833665901	31929041543.43251
25.21810431695356	32808850133.38576
25.24568029724811	33712906967.20272
25.27325627754266	34641880545.15959
25.30083225783721	35596457736.5948
25.32840823813176	36577344345.92722
25.35598421842631	37585265684.11256
25.38356019872086	38620967003.33156
25.41113617901541	39685213894.41606
25.43871215930996	40778793702.7305
25.46628813960452	41902514918.2119
25.49386411989907	43057208376.41032
25.52144010019362	44243727982.38371
25.54901608048817	45462951110.24543
25.57659206078272	46715779352.11308
25.60416804107727	48003139134.6879
25.63174402137182	49325982499.11104
25.65932000166637	50685270376.23679
25.68689598196092	52082059415.96124
25.71447196225547	53517331428.33772
25.74204794255002	54992164722.85327
25.76962392284457	56507649974.44878
25.79719990313912	58064907949.37472
25.82477588343367	59665090365.30939
25.85235186372822	61309380587.16016
25.87992784402277	62998994519.87268
25.90750382431732	64735182322.2216
25.93507980461187	66519226743.92311
25.96265578490642	68352449103.62908
25.99023176520097	70236203905.8217
26.01780774549552	72171884600.67012
26.04538372579007	74160922973.04846
26.07295970608462	76204790059.79181
26.10053568637917	78304997590.18442
26.12811166667372	80463098927.87473
26.15568764696827	82680690364.39107
26.18326362726282	84959411985.63011
26.21083960755737	87300948688.38359
26.23841558785192	89707034162.81752
26.26599156814647	92179446547.60297
26.29356754844102	94720015056.81853
26.32114352873557	97330618945.15027
26.34871950903012	100013189248.6631
26.37629548932467	102769710239.9638
26.40387146961922	105602220964.6854
26.43144744991377	108512816779.3799
26.45902343020832	111503650506.069
26.48659941050287	114576934958.4072
26.51417539079742	117734942532.6795
26.54175137109197	120980010537.6092
26.56932735138652	124314539106.7274
26.59690333168107	127740994963.7874
26.62447931197562	131261912878.8705
26.65205529227017	134879897577.2762
26.67963127256472	138597625600.9443
26.70720725285927	142417847421.2123
26.73478323315382	146343388882.6596
26.76235921344837	150377154502.1797
26.78993519374292	154522127484.6377
26.81751117403747	158781376834.1601
26.84508715433202	163158051440.239
26.87266313462657	167655389489.0815
26.90023911492112	172276719791.0871
26.92781509521567	177025460206.0334
26.95539107551022	181905124442.6544
26.98296705580477	186919322828.1005
27.01054303609932	192071765358.8969
27.03811901639387	197366264136.4562
27.06569499668842	202806736605.9839
27.09327097698297	208397207746.5945
27.12084695727752	214141815003.4697
27.14842293757207	220044807522.2467
27.17599891786662	226110554730.9588
27.20357489816117	232343543676.8594
27.23115087845572	238748386669.9303
27.25872685875027	245329822975.5485
27.28630283904482	252092722199.9297
27.31387881933937	259042089792.7059
27.34145479963392	266183066875.86
27.36903077992847	273520938044.6804
27.39660676022302	281061139308.0526
27.42418274051757	288809233409.4454
27.45175872081212	296770967520.0951
27.47933470110667	304952232764.9838
27.50691068140122	313359081083.4542
27.53448666169577	321997733946.0096
27.56206264199032	330874584256.8767
27.58963862228487	339996200933.6923
27.61721460257942	349369335372.6027
27.64479058287397	359000923851.2898
27.67236656316852	368898088587.823
27.69994254346307	379068166639.6573
27.72751852375762	389518673232.49
27.75509450405217	400257349437.7703
27.78267048434672	411292139385.2406
27.81024646464127	422631210725.5646
27.83782244493582	434282955618.1147
27.86539842523037	446255997753.9787
27.89297440552492	458559198658.5252
27.92055038581947	471201664450.0281
27.94812636611402	484192756004.1584
27.97570234640857	497542074773.9692
28.00327832670312	511259517312.4935
28.03085430699767	525355229453.574
28.05843028729223	539839646011.3783
28.08600626758678	554723487342.3031
28.11358224788133	570017770184.5452
28.14115822817588	585733815168.3351
28.16873420847043	601883255331.6737
28.19631018876498	618478044496.8424
28.22388616905953	635530472698.9099
28.25146214935408	653053132456.6284
28.27903812964863	671059044984.7091
28.30661410994318	689561502070.2781
28.33419009023773	708574206241.0304
28.36176607053228	728111242381.7053
28.38934205082683	748187061913.5948
28.41691803112138	768816530504.8275
28.44449401141593	790014918952.7109
28.47206999171048	811797919966.046
28.49964597200503	834181659336.9662
28.52722195229958	857182707612.6389
28.55479793259413	880818075124.3806
28.58237391288868	905105308193.8785
28.60994989318323	930062346888.3671
28.63752587347778	955707663517.9919
28.66510185377233	982060261274.4681
28.69267783406688	1009139645913.677
28.72025381436143	1036965865000.955
28.74782979465598	1065559517774.285
28.77540577495053	1094941776127.256
28.80298175524508	1125134393008.561
28.83055773553963	1156159721710.377
28.85813371583418	1188040735002.802
28.88570969612873	1220801029027.265
28.91328567642328	1254464872797.602
28.94086165671783	1289057178525.685
28.96843763701238	1324603565571.711
28.99601361730693	1361130351210.241
29.02358959760148	1398664581337.588
29.05116557789603	1437234046951.115
29.07874155819058	1476867306624.319
29.10631753848513	1517593705459.281
29.13389351877968	1559443401154.49
29.16146949907423	1602447381556.742
29.18904547936878	1646637477178.743
29.21662145966333	1692046429546.889
29.24419743995788	1738707873100.912
29.27177342025243	1786656327409.521
29.29934940054698	1835927313302.719
29.32692538084153	1886557315414.017
29.35450136113608	1938583827048.481
29.38207734143063	1992045373502.719
29.40965332172518	2046981544644.914
29.43722930201973	2103433023392.61
29.46480528231428	2161441612475.656
29.49238126260883	2221050272387.577
29.51995724290338	2282303136012.899
29.54753322319793	2345245591861.014
29.57510920349248	2409924228058.021
29.60268518378703	2476387019519.009
29.63026116408158	2544682958629.39
29.65783714437613	2614862872523.068
29.68541312467068	2686978658087.619
29.71298910496523	2761083707677.103
29.74056508525978	2837232898366.875
29.76814106555433	2915482668113.767
29.79571704584888	2995890929700.535
29.82329302614343	3078517250902.396
29.85086900643798	3163422832850.733
29.87844498673253	3250670540881.451
29.90602096702708	3340325023923.247
29.93359694732163	3432452639585.812
29.96117292761618	3527121684945.856
29.98874890791073	3624402244093.864
30.01632488820528	3724366373897.116
30.04390086849983	3827088119782.289
30.07147684879438	3932643566131.882
30.09905282908893	4041110898183.599
30.12662880938348	4152570458826.561
30.15420478967803	4267104808717.044
30.18178076997258	4384798786345.172
30.20935675026713	4505739568945.966
30.23693273056168	4630016796375.032
30.26450871085623	4757722352551.402
30.29208469115078	4888951031443.933
30.31966067144533	5023799963919.892
30.34723665173988	5162369043948.807
30.37481263203443	5304760927445.588
30.40238861232898	5451081076705.549
30.42996459262353	5601437905291.087
30.45754057291808	5755942805936.054
30.48511655321263	5914710161303.999
30.51269253350718	6077857677178.812
30.54026851380173	6245506191725.854
30.56784449409628	6417779938967.038
30.59542047439083	6594806362258.658
30.62299645468539	6776716831487.351
30.65057243497994	6963646026975.732
30.67814841527449	7155732434791.881
30.70572439556904	7353118364593.447
30.73330037586359	7555950054205.452
30.76087635615814	7764377776947.716
30.78845233645269	7978555982581.696
30.81602831674724	8198643240844.546
30.84360429704179	8424802734604.203
30.87118027733634	8657201983906.354
30.89875625763089	8896013183643.934
30.92633223792544	9141413202775.629
30.95390821821999	9393583994710.178
30.98148419851454	9652712303852.336
31.00906017880909	9918990148294.484
31.03663615910364	10192614823830.65
31.06421213939819	10473789078113.16
31.09178811969274	10762721246305.93
31.11936409998729	11059625449626.53
31.14694008028184	11364721554800.66
31.17451606057639	11678235780153.45
31.20209204087094	12000400398082.34
31.22966802116549	12331453951182.6
31.25724400146004	12671642664691.08
31.28481998175459	13021216661365.73
31.31239596204914	13380436719845.78
31.33997194234369	13749568539521.76
31.36754792263824	14128885583691.44
31.39512390293279	14518668951967.55
31.42269988322734	14919207491826.1
31.45027586352189	15330798028989.34
31.47785184381644	15753745524245.58
31.50542782411099	16188363469515.88
31.53300380440554	16634973930346.75
31.56057978470009	17093907734070.81
31.58815576499464	17565505305949.33
31.61573174528919	18050115575591.67
31.64330772558374	18548098625658.17
31.67088370587829	19059822695781.51
31.69845968617284	19585667251506.5
31.72603566646739	20126022033770.95
31.75361164676194	20681287493076.55
31.78118762705649	21251875156567.41
31.80876360735104	21838207921447.91
31.83633958764559	22440720278340.88
31.86391556794014	23059858856149.54
31.89149154823469	23696082607326.64
31.91906752852924	24349862647647.31
31.94664350882379	25021684021501.84
31.97421948911834	25712044582857.49
32.00179546941289	26421455798902.73
32.02937144970744	27150443676018.38
32.05694743000199	27899548441185.12
32.08452341029654	28669325343591.38
32.11209939059109	29460344940148.97
32.13967537088564	30273193558574.41
32.16725135118019	31108473710769.71
32.19482733147474	31966804441994.96
32.22240331176929	32848822089097.22
0
1000	105.6583745	100000000000000.1
5	0	0	1
5	0	0	0
4.673998997513734	-0.05314609842163782
4.701574977808284	-0.08295805259033646
4.729150958102834	-0.1142354974499389
4.756726938397384	-0.1453367713085242
4.784302918691934	-0.1753337468696272
4.811878898986484	-0.2037513488450277
4.839454879281035	-0.2303859490183168
4.867030859575585	-0.2551907280283341
4.894606839870135	-0.2782061082348593
4.922182820164685	-0.2995183238255907
4.949758800459235	-0.3192350616892261
4.977334780753785	-0.3374713495869613
5.004910761048335	-0.3543415713018623
5.032486741342885	-0.3699551357535819
5.060062721637435	-0.3844143153007897
5.087638701931986	-0.3978133595333545
5.115214682226536	-0.4102383453528346
5.142790662521086	-0.421767437825784
5.170366642815636	-0.4324713658194385
5.197942623110186	-0.4424139953260224
5.225518603404736	-0.4516529316021422
5.253094583699286	-0.460240110752002
5.280670563993836	-0.4682223593935649
5.308246544288386	-0.4756419119680162
5.335822524582936	-0.4825368817893763
5.363398504877487	-0.4889416857584658
5.390974485172037	-0.4948874248355891
5.418550465466587	-0.5004022235655755
5.446126445761137	-0.5055115173268596
5.473702426055687	-0.5102383189880925
5.501278406350237	-0.5149071680013615
5.528854386644787	-0.5188923929773422
5.556430366939337	-0.522530217126163
5.584006347233887	-0.5258410640878554
5.611582327528438	-0.5288443358762374
5.639158307822988	-0.5315584826114521
5.666734288117538	-0.5340010319755643
5.694310268412088	-0.5361886132338846
5.721886248706638	-0.5381369825653428
5.749462229001188	-0.5398610508241306
5.777038209295738	-0.5413765267735445
5.804614189590288	-0.5426932790009185
5.832190169884838	-0.5438255893741907
5.859766150179389	-0.5447853295759311
5.887342130473939	-0.5455836887140155
5.914918110768489	-0.5462312055825256
5.942494091063039	-0.5467378006022258
5.970070071357589	-0.5471128071743575
5.997646051652139	-0.5473650022316541
6.025222031946689	-0.5475026358043382
6.052798012241239	-0.5476036518630526
6.080373992535789	-0.5475262545726856
6.107949972830339	-0.5473507638964636
6.13552595312489	-0.5470854996214559
6.16310193341944	-0.546737873969786
6.19067791371399	-0.5463149332444569
6.21825389400854	-0.5458233679313214
6.24582987430309	-0.5452695092857289
6.27340585459764	-0.5446593281445604
6.30098183489219	-0.5439984375410823
6.32855781518674	-0.5432612024303545
6.35613379548129	-0.542518585620914
6.383709775775841	-0.5417419747311195
6.411285756070391	-0.540935061587821
6.438861736364941	-0.5401012122351737
6.466437716659491	-0.5392434971735358
6.494013696954041	-0.5383647185292438
6.521589677248591	-0.5374674344968865
6.549165657543141	-0.5365539813542265
6.576741637837691	-0.535626493313888
6.604317618132241	-0.5346835197609101
6.631893598426791	-0.5337341054348084
6.659469578721342	-0.5327762393717156
6.687045559015892	-0.5318112776554019
6.714621539310442	-0.5308407149629326
6.742197519604992	-0.5298655494912968
6.769773499899542	-0.5288869084350256
6.797349480194092	-0.5279057686496784
6.824925460488642	-0.5269230180502834
6.852501440783192	-0.5259394643144577
6.880077421077742	-0.5249572477740742
6.907653401372293	-0.5239740450210263
6.935229381666843	-0.5229919546130286
6.962805361961393	-0.5220115525731029
6.990381342255943	-0.521033366374189
7.017957322550493	-0.520057878587292
7.045533302845043	-0.5190855302432493
7.073109283139593	-0.5181167239321642
7.100685263434143	-0.5171518266623849
7.128261243728693	-0.5161911724989389
7.155837224023244	-0.5152342357826092
7.183413204317794	-0.5142830544208042
7.210989184612344	-0.5133370015320349
7.238565164906894	-0.5123962885335757
7.266141145201444	-0.5114611030228663
7.293717125495994	-0.5105316108168084
7.321293105790544	-0.5096079578051362
7.348869086085094	-0.5086902716365067
7.376445066379644	-0.5077786632538799
7.404021046674194	-0.5068732282939417
7.431597026968745	-0.5059731977020573
7.459173007263295	-0.5050804512792577
7.486748987557845	-0.5041941430431865
7.514324967852395	-0.5033143049303511
7.541900948146945	-0.5024409578250901
7.569476928441495	-0.501574112764393
7.597052908736045	-0.5007137720035419
7.624628889030595	-0.499859929960338
7.652204869325145	-0.4990125740531425
7.679780849619696	-0.4981716854458339
7.707356829914246	-0.4973361461905829
7.734932810208796	-0.4965082698878014
7.762508790503346	-0.4956868392205821
7.790084770797896	-0.4948717966445028
7.817660751092446	-0.494063081012726
7.845236731386996	-0.4932606282485179
7.872812711681546	-0.4924643718749366
7.900388691976096	-0.4916742434277081
7.927964672270646	-0.4908901727702437
7.955540652565197	-0.4901120883240995
7.983116632859747	-0.4893412616824905
8.010692613154298	-0.488574267581493
8.038268593448848	-0.4878127687329796
8.065844573743398	-0.4870565750947108
8.093420554037948	-0.4863053785848512
8.120996534332498	-0.4855583687458419
8.148572514627048	-0.4848101902093578
8.176148494921598	-0.4841113716929858
8.203724475216148	-0.4833652768003561
8.231300455510699	-0.4826377836650186
8.258876435805249	-0.4819108522865274
8.286452416099799	-0.4811961053180667
8.314028396394349	-0.4804861524243406
8.341604376688899	-0.4797809068642688
8.369180356983449	-0.47908028127472
8.396756337277999	-0.4783841877091067
8.424332317572549	-0.4776925376500137
8.451908297867099	-0.4770052419994947
8.47948427816165	-0.4763222110493642
8.5070602584562	-0.4756433544327727
8.53463623875075	-0.4749680625442529
8.5622122190453	-0.4742974888564924
8.58978819933985	-0.4736307489401924
8.6173641796344	-0.472967765866434
8.64494015992895	-0.4723084526383479
8.6725161402235	-0.4716527180731691
8.70009212051805	-0.4710004689256823
8.7276681008126	-0.4703516107676313
8.755244081107151	-0.4697060483824701
8.782820061401701	-0.4690636859473006
8.810396041696251	-0.4684232451853054
8.837972021990801	-0.4677870580142993
8.865548002285351	-0.4671538915518572
8.893123982579901	-0.4665236516974999
8.920699962874451	-0.4658962392099509
8.948275943169001	-0.4652715483532967
8.975851923463551	-0.4646494650820309
9.003427903758102	-0.4640298645644848
9.031003884052652	-0.4634126077369339
9.058579864347202	-0.4627975364036901
9.086155844641752	-0.4596387974127593
9.113731824936302	-0.4596742659285211
9.141307805230852	-0.4597256671707555
9.168883785525402	-0.4596424772987515
9.196459765819952	-0.4595153449087472
9.224035746114502	-0.4593666037222778
9.251611726409052	-0.4592069573267061
9.279187706703603	-0.4590422197401362
9.306763686998153	-0.4588757334044481
9.334339667292703	-0.4587094741592801
9.361915647587253	-0.458523559967227
9.389491627881803	-0.4583658167750436
9.417067608176353	-0.4582105992273792
9.444643588470903	-0.4580577438707331
9.472219568765453	-0.4579070886284
9.499795549060003	-0.4577584745808172
9.527371529354554	-0.4576117470331681
9.554947509649104	-0.4574667561241962
9.582523489943654	-0.4573233571361922
9.610099470238204	-0.4571814106091873
9.637675450532754	-0.4570418824020193
9.665251430827304	-0.4569024013691006
9.692827411121854	-0.4567638930562787
9.720403391416404	-0.4566262198131026
9.747979371710954	-0.4564892264702746
9.775555352005505	-0.4563526981473762
9.803131332300055	-0.4562161747117089
9.830707312594605	-0.4560772899560177
9.858283292889155	-0.4559705337798657
9.885859273183705	-0.4558194296601806
9.913435253478255	-0.4556808874850443
9.941011233772805	-0.4555472278990832
9.968587214067355	-0.4554136317993264
9.996163194361905	-0.4552800229094309
10.02373917465646	-0.4551463284243807
10.05131515495101	-0.4550124788372944
10.07889113524556	-0.4548784077729325
10.10646711554011	-0.4547440518257867
10.13404309583466	-0.4546093504004929
10.16161907612921	-0.4544742455521043
10.18919505642376	-0.4543388932307051
10.21677103671831	-0.4542028022820577
10.24434701701286	-0.4540661293518647
10.27192299730741	-0.4539288260131952
10.29949897760196	-0.4537908464863628
10.32707495789651	-0.4536521475317364
10.35465093819106	-0.4535126883473127
10.38222691848561	-0.4533724304703619
10.40980289878016	-0.4532313376824922
10.43737887907471	-0.4530893759175278
10.46495485936926	-0.4529466235134085
10.49253083966381	-0.4528028193556048
10.52010681995836	-0.4526580469771998
10.54768280025291	-0.4525122810791111
10.57525878054746	-0.4523654984917412
10.60283476084201	-0.4522176780867244
10.63041074113656	-0.4520688006924232
10.65798672143111	-0.4519188490128053
10.68556270172566	-0.4517678075493712
10.71313868202021	-0.4516156625258332
10.74071466231476	-0.4514625638623271
10.76829064260931	-0.4513081596007331
10.79586662290386	-0.451152607543098
10.82344260319841	-0.4509959021200058
10.85101858349296	-0.4508380396342992
10.87859456378751	-0.450679018153009
10.90617054408206	-0.4505188374062577
10.93374652437661	-0.450357498692452
10.96132250467116	-0.4501950047891608
10.98889848496571	-0.4500313598691504
11.01647446526026	-0.4498667079945498
11.04405044555481	-0.4497007614986407
11.07162642584936	-0.4495336744702488
11.09920240614391	-0.4493654580986843
11.12677838643846	-0.4491961248434162
11.15435436673301	-0.4490256883157859
11.18193034702756	-0.4488541631731132
11.20950632732211	-0.4486815650234035
11.23708230761666	-0.4485079103391716
11.26465828791121	-0.4483332163791401
11.29223426820576	-0.4481574619569808
11.31981024850031	-0.4479807484029362
11.34738622879486	-0.4478030543180057
11.37496220908941	-0.4476243989195809
11.40253818938396	-0.4474448018029067
11.43011416967851	-0.4472642829055005
11.45769014997306	-0.447082862473182
11.48526613026761	-0.4469005610276315
11.51284211056216	-0.4467173993354017
11.54041809085671	-0.446533398378318
11.56799407115126	-0.4463485521742559
11.59557005144581	-0.446162939017574
11.62314603174036	-0.445976552758789
11.65072201203491	-0.4457894146768122
11.67829799232946	-0.4456015460346824
11.70587397262401	-0.4454129680623852
11.73344995291856	-0.4452237019405481
11.76102593321311	-0.4450337687849851
11.78860191350766	-0.4448431896320634
11.81617789380221	-0.444651985424867
11.84375387409676	-0.4444601479662839
11.87132985439131	-0.4442677589960572
11.89890583468586	-0.4440748094264481
11.92648181498041	-0.4438813193658
11.95405779527496	-0.4436873086691316
11.98163377556951	-0.4434927969361135
12.00920975586406	-0.4432978035093
12.03678573615861	-0.4431023474726097
12.06436171645316	-0.442906447650051
12.09193769674771	-0.44271012260468
12.11951367704226	-0.4425133532309271
12.14708965733681	-0.4423162365927659
12.17466563763136	-0.4421187516517802
12.20224161792591	-0.4419209154061501
12.22981759822046	-0.4417227444914284
12.25739357851501	-0.441524255194586
12.28496955880956	-0.4413254634667183
12.31254553910411	-0.44112638493458
12.34012151939866	-0.4409270349110935
12.36769749969321	-0.4407274284049604
12.39527347998776	-0.440527515078913
12.42284946028231	-0.4403274486649138
12.45042544057686	-0.4401271730127526
12.47800142087141	-0.4399267008496031
12.50557740116597	-0.4397260446247528
12.53315338146052	-0.4395252165308881
12.56072936175507	-0.4393242285207749
12.58830534204962	-0.4391230923205115
12.61588132234417	-0.4389218194402016
12.64345730263872	-0.438720421182667
12.67103328293327	-0.4385189358416396
12.69860926322782	-0.438317318356332
12.72618524352237	-0.4381156057405823
12.75376122381692	-0.4379138084367035
12.78133720411147	-0.4377119367578681
12.80891318440602	-0.4375100009021479
12.83648916470057	-0.4373080109745023
12.86406514499512	-0.4371059770227373
12.89164112528967	-0.436903909099369
12.91921710558422	-0.4367018173746967
12.94679308587877	-0.4364998770159345
12.97436906617332	-0.4362977867186492
13.00194504646787	-0.4360956942434341
13.02952102676242	-0.4358936071383947
13.05709700705697	-0.4356915327308609
13.08467298735152	-0.4354894781246043
13.11224896764607	-0.4352874501963944
13.13982494794062	-0.4350854555919793
13.16740092823517	-0.4348835007215033
13.19497690852972	-0.4346815917543345
13.22255288882427	-0.4344797551919593
13.25012886911882	-0.4342779541026772
13.27770484941337	-0.4340762140399455
13.30528082970792	-0.4338745402137909
13.33285681000247	-0.4336729376602642
13.36043279029702	-0.4334714112423459
13.38800877059157	-0.4332699656508264
13.41558475088612	-0.4330686054051534
13.44316073118067	-0.43286733485425
13.47073671147522	-0.4326661581773049
13.49831269176977	-0.4324650871487649
13.52588867206432	-0.4322641078419236
13.55346465235887	-0.4320631875362226
13.58104063265342	-0.4318624761245381
13.60861661294797	-0.4316618209364687
13.63619259324252	-0.4314612819240451
13.66376857353707	-0.4312608613555338
13.69134455383162	-0.4310605621348875
13.71892053412617	-0.4308603871672853
13.74649651442072	-0.4306603392751073
13.77407249471527	-0.4304604247790549
13.80164847500982	-0.4302606390406111
13.82922445530437	-0.4300609877108205
13.85680043559892	-0.4298614732857178
13.88437641589347	-0.4296620981383359
13.91195239618802	-0.4294628645430049
13.93952837648257	-0.4292637746841536
13.96710435677712	-0.429064830660725
13.99468033707167	-0.4288660344890465
14.02225631736622	-0.4286673881050577
14.04983229766077	-0.4284688952335282
14.07740827795532	-0.4282705537594705
14.10498425824987	-0.4280723672561433
14.13256023854442	-0.4278743373718514
14.16013621883897	-0.4276764656915588
14.18771219913352	-0.4274787537382883
14.21528817942807	-0.4272812029744904
14.24286415972262	-0.427083814803386
14.27044014001717	-0.4268865905702773
14.29801612031172	-0.4266895315638332
14.32559210060627	-0.4264926419857399
14.35316808090082	-0.4262959161844724
14.38074406119537	-0.426099359386417
14.40832004148992	-0.4259029724991082
14.43589602178447	-0.4257067565000257
14.46347200207902	-0.4255107123552218
14.49104798237357	-0.4253148409990631
14.51862396266812	-0.4251191433280436
14.54619994296267	-0.4249236201988997
14.57377592325722	-0.4247282724283032
14.60135190355177	-0.424533100953209
14.62892788384632	-0.424338106170315
14.65650386414087	-0.4241432889502733
14.68407984443542	-0.4239486499573532
14.71165582472997	-0.4237541898194677
14.73923180502452	-0.4235599091290879
14.76680778531907	-0.4233658084441375
14.79438376561362	-0.4231718882888705
14.82195974590817	-0.4229781491547316
14.84953572620272	-0.4227845915011992
14.87711170649727	-0.4225912157582599
14.90468768679182	-0.4223980223193524
14.93226366708637	-0.4222050115561727
14.95983964738092	-0.4220121838087802
14.98741562767547	-0.4218195393892142
15.01499160797002	-0.4216270785822229
15.04256758826457	-0.421434801645974
15.07014356855912	-0.4212427088127549
15.09771954885368	-0.4210508002896582
15.12529552914823	-0.4208590762592529
15.15287150944278	-0.4206675394335122
15.18044748973733	-0.4204761840954379
15.20802347003188	-0.4202850138377774
15.23559945032643	-0.4200940286310315
15.26317543062098	-0.4199032284997077
15.29075141091553	-0.4197126134727973
15.31832739121008	-0.4195221835696477
15.34590337150463	-0.4193319387950969
15.37347935179918	-0.4191418791376751
15.40105533209373	-0.4189520045689943
15.42863131238828	-0.4187623155173943
15.45620729268283	-0.4185728109171546
15.48378327297738	-0.4183834911857331
15.51135925327193	-0.4181943562337067
15.53893523356648	-0.418005405956652
15.56651121386103	-0.4178166402355256
15.59408719415558	-0.4176280589370258
15.62166317445013	-0.4174396619139379
15.64923915474468	-0.4172514490054604
15.67681513503923	-0.4170634200375126
15.70439111533378	-0.4168755738865189
15.73196709562833	-0.4166879128314517
15.75954307592288	-0.416500434749012
15.78711905621743	-0.4163131396410951
15.81469503651198	-0.4161260273325903
15.84227101680653	-0.4159390976020919
15.86984699710108	-0.4157523502066862
15.89742297739563	-0.4155657848891453
15.92499895769018	-0.4153794013806305
15.95257493798473	-0.4151931994019178
15.98015091827928	-0.4150071790638601
16.00772689857383	-0.4148213392414629
16.03530287886838	-0.4146356800163275
16.06287885916293	-0.4144502010743496
16.09045483945748	-0.4142649020949671
16.11803081975203	-0.4140797827512934
16.14560680004658	-0.413894842710242
16.17318278034113	-0.4137100816326447
16.20075876063568	-0.413525499173362
16.22833474093023	-0.4133410949813868
16.25591072122478	-0.4131568697087054
16.28348670151933	-0.4129728208494221
16.31106268181388	-0.4127889491055279
16.33863866210843	-0.4126052541127128
16.36621464240298	-0.412421735503669
16.39379062269753	-0.4122383929084652
16.42136660299208	-0.412055225954808
16.44894258328663	-0.4118722342682411
16.47651856358118	-0.4116894174723124
16.50409454387573	-0.4115067751887209
16.53167052417028	-0.4113243079531336
16.55924650446483	-0.4111420134557971
16.58682248475938	-0.4109598922552001
16.61439846505393	-0.4107779439777594
16.64197444534848	-0.4105961682514347
16.66955042564303	-0.4104145647056815
16.69712640593758	-0.4102331329714261
16.72470238623213	-0.4100518726810596
16.75227836652668	-0.4098707834684484
16.77985434682123	-0.4096898649689565
16.80743032711578	-0.4095090986325637
16.83500630741033	-0.4093285541332968
16.86258228770488	-0.4091481343747752
16.89015826799943	-0.4089678925546941
16.91773424829398	-0.4087878209499671
16.94531022858853	-0.408607918372515
16.97288620888308	-0.4084281842475541
17.00046218917763	-0.4082486181449157
17.02803816947218	-0.4080692196845899
17.05561414976673	-0.4078899885088843
17.08319013006128	-0.4077109249713798
17.11076611035583	-0.4075320272216901
17.13834209065038	-0.4073532957091153
17.16591807094493	-0.4071747301165677
17.19349405123948	-0.4069963301305893
17.22107003153403	-0.4068180954414869
17.24864601182858	-0.4066400257434711
17.27622199212313	-0.4064621207348006
17.30379797241768	-0.4062843801179299
17.33137395271223	-0.4061068035996624
17.35894993300678	-0.405929390974225
17.38652591330133	-0.405752141740492
17.41410189359588	-0.4055750557421764
17.44167787389043	-0.405398132726781
17.46925385418498	-0.4052213724794392
17.49682983447953	-0.4050447748929981
17.52440581477408	-0.4048683403585884
17.55198179506863	-0.4046920777766162
17.57955777536318	-0.4045159431876111
17.60713375565773	-0.4043399959309753
17.63470973595228	-0.4041642119323807
17.66228571624683	-0.40398858317419
17.68986169654139	-0.4038131151017472
17.71743767683594	-0.4036378074778058
17.74501365713049	-0.40346266006922
17.77258963742504	-0.403287672646863
17.80016561771959	-0.4031128449854942
17.82774159801414	-0.4029381768635765
17.85531757830869	-0.4027636680630329
17.88289355860324	-0.4025893183689393
17.91046953889779	-0.4024151282216739
17.93804551919234	-0.402241096076937
17.96562149948689	-0.4020672223437903
17.99319747978144	-0.4018935068121521
18.02077346007599	-0.4017199492756549
18.04834944037054	-0.4015465495315886
18.07592542066509	-0.4013733073808444
18.10350140095964	-0.4012002226278601
18.13107738125419	-0.4010272950805815
18.15865336154874	-0.4008545245504614
18.18622934184329	-0.4006819115371075
18.21380532213784	-0.4005094544556703
18.24138130243239	-0.4003371537909144
18.26895728272694	-0.4001650093649834
18.29653326302149	-0.3999930210036546
18.32410924331604	-0.3998211885363943
18.35168522361059	-0.3996495117963895
18.37926120390514	-0.3994779906205591
18.40683718419969	-0.3993066248495533
18.43441316449424	-0.3991354143277424
18.46198914478879	-0.3989643590116049
18.48956512508334	-0.3987934585289829
18.51714110537789	-0.3986227128407058
18.54471708567244	-0.3984521218059166
18.57229306596699	-0.3982816852878464
18.59986904626154	-0.3981114031538375
18.62744502655609	-0.3979412752753687
18.65502100685064	-0.3977713015280837
18.68259698714519	-0.3976014817918277
18.71017296743974	-0.3974318159506956
18.73774894773429	-0.397262303346049
18.76532492802884	-0.3970929448073249
18.79290090832339	-0.396923739791233
18.82047688861794	-0.3967546880879567
18.84805286891249	-0.3965857811457961
18.87562884920704	-0.3964170461022029
18.90320482950159	-0.3962484541751201
18.93078080979614	-0.3960800155218686
18.95835679009069	-0.3959117299248238
18.98593277038524	-0.3957435972796619
19.01350875067979	-0.3955756186546175
19.04108473097434	-0.3954077917019559
19.06866071126889	-0.3952401174837025
19.09623669156344	-0.3950725959859131
19.12381267185799	-0.3949052281882645
19.15138865215254	-0.3947380098254284
19.17896463244709	-0.3945709460133558
19.20654061274164	-0.3944040344655554
19.23411659303619	-0.3942372752518625
19.26169257333074	-0.3940706683431747
19.28926855362529	-0.3939042121812154
19.31684453391984	-0.3937379094078112
19.34442051421439	-0.3935717578666851
19.37199649450894	-0.3934057676466259
19.39957247480349	-0.3932399172494643
19.42714845509804	-0.3930742227728355
19.45472443539259	-0.3929086806518686
19.48230041568714	-0.3927432906140381
19.50987639598169	-0.3925780525630864
19.53745237627624	-0.3924129664383538
19.56502835657079	-0.392248032450359
19.59260433686534	-0.392083249978193
19.62018031715989	-0.3919186192838016
19.64775629745444	-0.3917541403220729
19.67533227774899	-0.391589813045441
19.70290825804354	-0.3914256374034256
19.73048423833809	-0.391261613342136
19.75806021863264	-0.3910977408037415
19.78563619892719	-0.3909340197259065
19.81321217922174	-0.3907704500411921
19.84078815951629	-0.3906070317709491
19.86836413981084	-0.3904437646422367
19.89594012010539	-0.3902806486581705
19.92351610039994	-0.390117683723576
19.95109208069449	-0.3899548697347024
19.97866806098904	-0.3897922065781793
20.00624404128359	-0.389629694129572
20.03382002157814	-0.3894673322507959
20.06139600187269	-0.3893051207833047
20.08897198216724	-0.389143059517525
20.11654796246179	-0.3889811489458597
20.14412394275634	-0.3888193878797586
20.17169992305089	-0.3886577765355724
20.19927590334544	-0.3884963146971523
20.22685188363999	-0.3883350021313632
20.25442786393454	-0.3881738385870777
20.2820038442291	-0.3880128237941535
20.30957982452365	-0.3878519574623995
20.3371558048182	-0.387691239280533
20.36473178511275	-0.3875306689151333
20.3923077654073	-0.3873702460190644
20.41988374570185	-0.3872099701828093
20.4474597259964	-0.3870498410198157
20.47503570629095	-0.3868898581017308
20.5026116865855	-0.3867300209752456
20.53018766688005	-0.3865703291629167
20.5577636471746	-0.3864107821667324
20.58533962746915	-0.3862513794811412
20.6129156077637	-0.3860921206519702
20.64049158805825	-0.3859330057771679
20.6680675683528	-0.3857740307974402
20.69564354864735	-0.3856151992281344
20.7232195289419	-0.3854565109863188
20.75079550923645	-0.3852979550079268
20.778371489531	-0.3851395450541382
20.80594746982555	-0.3849812730470135
20.8335234501201	-0.384823138835382
20.86109943041465	-0.3846651416630888
20.8886754107092	-0.384507280676759
20.91625139100375	-0.3843495549769683
20.9438273712983	-0.3841919641323672
20.97140335159285	-0.3840345061507663
20.9989793318874	-0.3838771805139771
21.02655531218195	-0.3837199862090865
21.0541312924765	-0.3835629222032288
21.08170727277105	-0.3834059874454467
21.1092832530656	-0.3832491808687336
21.13685923336015	-0.3830925013922554
21.1644352136547	-0.382935947923746
21.19201119394925	-0.38277951936207
21.2195871742438	-0.3826232155105515
21.24716315453835	-0.3824670333535313
21.2747391348329	-0.3823109726981357
21.30231511512745	-0.3821550324455119
21.329891095422	-0.3819992115069615
21.35746707571655	-0.3818435088070798
21.3850430560111	-0.3816879232869137
21.41261903630565	-0.3815324539071154
21.4401950166002	-0.3813770996510679
21.46777099689475	-0.381221859527953
21.4953469771893	-0.3810667328587227
21.52292295748385	-0.3809117181277171
21.5504989377784	-0.3807568147179697
21.57807491807295	-0.380602021769359
21.6056508983675	-0.3804473384570423
21.63322687866205	-0.3802927639848494
21.6608028589566	-0.3801382975543444
21.68837883925115	-0.3799839381694654
21.7159548195457	-0.3798296786885081
21.74353079984025	-0.3796755448166297
21.7711067801348	-0.3795215089021519
21.79868276042935	-0.3793675736922174
21.8262587407239	-0.3792137429177712
21.85383472101845	-0.3790600163007192
21.881410701313	-0.3789063936298003
21.90898668160755	-0.3787528747557874
21.9365626619021	-0.3785994595870043
21.96413864219665	-0.3784461480850073
21.9917146224912	-0.3782929402603915
22.01929060278575	-0.3781398361687097
22.0468665830803	-0.3779868393080623
22.07444256337485	-0.3778339425020701
22.1020185436694	-0.377681149627614
22.12959452396395	-0.3775284609502876
22.1571705042585	-0.3773758767608688
22.18474648455305	-0.3772233973702228
22.2123224648476	-0.3770710231048688
22.23989844514215	-0.3769187543031256
22.2674744254367	-0.3767665913117627
22.29505040573125	-0.376614534483094
22.3226263860258	-0.37646258286166
22.35020236632035	-0.3763107397061212
22.3777783466149	-0.376159003872105
22.40535432690945	-0.3760073756590036
22.432930307204	-0.3758558552864589
22.46050628749855	-0.3757044401139147
22.4880822677931	-0.3755531410957601
22.51565824808765	-0.3754019463596713
22.5432342283822	-0.3752508610014184
22.57081020867675	-0.3750998851375053
22.5983861889713	-0.3749490197557248
22.62596216926585	-0.3747982635840283
22.6535381495604	-0.3746476175787518
22.68111412985495	-0.3744970820105959
22.7086901101495	-0.3743466571440865
22.73626609044405	-0.374196343236709
22.7638420707386	-0.3740461405381696
22.79141805103315	-0.3738960492897742
22.8189940313277	-0.37374606972391
22.84657001162225	-0.3735962020636257
22.87414599191681	-0.3734464464261589
22.90172197221136	-0.3732968032021355
22.92929795250591	-0.3731472725059878
22.95687393280046	-0.3729978545243546
22.98444991309501	-0.3728485494336641
23.01202589338956	-0.3726993574001952
23.03960187368411	-0.3725502785802788
23.06717785397866	-0.3724013131207199
23.09475383427321	-0.3722524611596519
23.12232981456776	-0.3721037228284169
23.14990579486231	-0.3719550940927187
23.17748177515686	-0.3718065841904028
23.20505775545141	-0.3716581877466014
23.23263373574596	-0.3715099051421332
23.26020971604051	-0.3713617365463134
23.28778569633506	-0.3712136820652351
23.31536167662961	-0.3710657417766774
23.34293765692416	-0.3709179157414832
23.37051363721871	-0.3707702040081614
23.39808961751326	-0.3706226066150918
23.42566559780781	-0.3704751233456821
23.45324157810236	-0.3703277547505131
23.48081755839691	-0.370180500573446
23.50839353869146	-0.3700333608173381
23.53596951898601	-0.3698863354783881
23.56354549928056	-0.3697394245463918
23.59112147957511	-0.3695926280049918
23.61869745986966	-0.3694459458319233
23.64627344016421	-0.3692993779992532
23.67384942045876	-0.3691529244736139
23.70142540075331	-0.3690065848796807
23.72900138104786	-0.3688603598412343
23.75657736134241	-0.3687142490146452
23.78415334163696	-0.3685682523583547
23.81172932193151	-0.3684223698308764
23.83930530222606	-0.3682766013949232
23.86688128252061	-0.3681309470268482
23.89445726281516	-0.3679854067422496
23.92203324310971	-0.3678399806843102
23.94960922340426	-0.3676946695817969
23.97718520369881	-0.3675494638372617
24.00476118399336	-0.3674043778934608
24.03233716428791	-0.3672594055351497
24.05991314458246	-0.3671145466747884
24.08748912487701	-0.3669698012240843
24.11506510517156	-0.366825169093439
24.14264108546611	-0.3666806501916873
24.17021706576066	-0.3665362444259856
24.19779304605521	-0.3663919517017852
24.22536902634976	-0.3662477719228496
24.25294500664431	-0.366103704904566
24.28052098693886	-0.3659597507332033
24.30809696723341	-0.3658159092140243
24.33567294752796	-0.365672180243138
24.36324892782251	-0.365528563715265
24.39082490811706	-0.3653850595238196
24.41840088841161	-0.3652416675609887
24.44597686870616	-0.3650983877178063
24.47355284900071	-0.3649552198842248
24.50112882929526	-0.3648121639491828
24.52870480958981	-0.364669219764133
24.55628078988436	-0.3645263872920901
24.58385677017891	-0.3643836663831813
24.61143275047346	-0.3642410569227061
24.63900873076801	-0.3640985587950708
24.66658471106256	-0.3639561718838262
24.69416069135711	-0.3638138960717004
24.72173667165166	-0.3636717312406272
24.74931265194621	-0.3635296772717691
24.77688863224076	-0.3633877340455357
24.80446461253531	-0.3632459010820848
24.83204059282986	-0.3631041789517994
24.85961657312441	-0.3629625672360575
24.88719255341896	-0.3628210658344553
24.91476853371351	-0.3626796746673865
24.94234451400806	-0.362538393718532
24.96992049430261	-0.3623972232480696
24.99749647459716	-0.3622561666043105
25.02507245489171	-0.3621151998108868
25.05264843518626	-0.3619743621801339
25.08022441548081	-0.3618336315399869
25.10780039577536	-0.3616930076729539
25.13537637606991	-0.3615524930135109
25.16295235636446	-0.3614120874391211
25.19052833665901	-0.3612717908273712
25.21810431695356	-0.3611316030559141
25.24568029724811	-0.3609915240024373
25.27325627754266	-0.3608515535446419
25.30083225783721	-0.3607116915602346
25.32840823813176	-0.3605719379269237
25.35598421842631	-0.3604322924963628
25.38356019872086	-0.3602927552008478
25.41113617901541	-0.3601533258916709
25.43871215930996	-0.3600140044463793
25.46628813960452	-0.3598747907424705
25.49386411989907	-0.3597356846573905
25.52144010019362	-0.3595966860685284
25.54901608048817	-0.359457794853205
25.57659206078272	-0.3593190108886548
25.60416804107727	-0.3591803340519982
25.63174402137182	-0.35904176329735
25.65932000166637	-0.358903300110226
25.68689598196092	-0.3587649436487403
25.71447196225547	-0.3586266937471464
25.74204794255002	-0.3584885497007624
25.76962392284457	-0.3583505142730913
25.79719990313912	-0.3582125833282922
25.82477588343367	-0.3580747587390325
25.85235186372822	-0.3579370402063913
25.87992784402277	-0.357799427583737
25.90750382431732	-0.3576619212337417
25.93507980461187	-0.3575245199097273
25.96265578490642	-0.3573872241398933
25.99023176520097	-0.3572500338020903
26.01780774549552	-0.3571129487746494
26.04538372579007	-0.3569759689362799
26.07295970608462	-0.3568390941660008
26.10053568637917	-0.3567023243430955
26.12811166667372	-0.3565656593470798
26.15568764696827	-0.3564290990576799
26.18326362726282	-0.3562926433378047
26.21083960755737	-0.3561562921038736
26.23841558785192	-0.3560200452179652
26.26599156814647	-0.3558839025602518
26.29356754844102	-0.355747864011061
26.32114352873557	-0.3556119294508777
26.34871950903012	-0.3554760987603456
26.37629548932467	-0.3553403718202709
26.40387146961922	-0.3552047485116223
26.43144744991377	-0.3550692287155343
26.45902343020832	-0.3549338122938009
26.48659941050287	-0.3547984991673145
26.51417539079742	-0.3546632891998132
26.54175137109197	-0.3545281822733983
26.56932735138652	-0.3543931782703091
26.59690333168107	-0.3542582770729032
26.62447931197562	-0.3541234785636251
26.65205529227017	-0.3539887826249554
26.67963127256472	-0.3538541891393237
26.70720725285927	-0.353719697988955
26.73478323315382	-0.3535853041760364
26.76235921344837	-0.3534510208418258
26.78993519374292	-0.3533168365805458
26.81751117403747	-0.3531827538912247
26.84508715433202	-0.3530487728708552
26.87266313462657	-0.3529148934574335
26.90023911492112	-0.3527811155551364
26.92781509521567	-0.3526474390573793
26.95539107551022	-0.3525138638533153
26.98296705580477	-0.3523803898301678
27.01054303609932	-0.35224701679027
27.03811901639387	-0.3521137448020981
27.06569499668842	-0.3519805736557379
27.09327097698297	-0.3518475032352478
27.12084695727752	-0.3517145334248303
27.14842293757207	-0.3515816641088222
27.17599891786662	-0.3514488951716832
27.20357489816117	-0.3513162264979831
27.23115087845572	-0.3511836579723879
27.25872685875027	-0.3510511894796429
27.28630283904482	-0.3509188206561623
27.31387881933937	-0.3507865518726536
27.34145479963392	-0.3506543828016243
27.36903077992847	-0.3505223133396004
27.39660676022302	-0.3503903433914171
27.42418274051757	-0.3502584728819142
27.45175872081212	-0.3501267017957853
27.47933470110667	-0.3499950303776308
27.50691068140122	-0.3498634617697082
27.53448666169577	-0.3497319734707106
27.56206264199032	-0.3496006040592811
27.58963862228487	-0.3494693271330661
27.61721460257942	-0.3493381487834722
27.64479058287397	-0.3492070689007484
27.67236656316852	-0.3490760873745988
27.69994254346307	-0.348945204094513
27.72751852375762	-0.3488144189499188
27.75509450405217	-0.3486837318302599
27.78267048434672	-0.3485531426250378
27.81024646464127	-0.3484226512238376
27.83782244493582	-0.3482922575567858
27.86539842523037	-0.348161961428107
27.89297440552492	-0.348031762769962
27.92055038581947	-0.347901661472825
27.94812636611402	-0.3477716574273884
27.97570234640857	-0.3476417505245741
28.00327832670312	-0.3475119406555397
28.03085430699767	-0.3473822277116841
28.05843028729223	-0.3472526115846512
28.08600626758678	-0.347123092166331
28.11358224788133	-0.3469936693095355
28.14115822817588	-0.3468643429889121
28.16873420847043	-0.3467351130574648
28.19631018876498	-0.3466059794076978
28.22388616905953	-0.3464769419321921
28.25146214935408	-0.3463480005236103
28.27903812964863	-0.3462191550747012
28.30661410994318	-0.3460904054783072
28.33419009023773	-0.3459617516273733
28.36176607053228	-0.3458331934149603
28.38934205082683	-0.3457047303645589
28.41691803112138	-0.3455763628961663
28.44449401141593	-0.3454480901347505
28.47206999171048	-0.3453199160657126
28.49964597200503	-0.3451918333504761
28.52722195229958	-0.3450638464781995
28.55479793259413	-0.3449359546021755
28.58237391288868	-0.3448081575410947
28.60994989318323	-0.344680455168071
28.63752587347778	-0.3445528473684068
28.66510185377233	-0.3444253342499657
28.69267783406688	-0.3442979152610841
28.72025381436143	-0.3441705904892491
28.74782979465598	-0.3440433598304791
28.77540577495053	-0.3439162231816303
28.80298175524508	-0.3437891804405256
28.83055773553963	-0.3436622315060027
28.85813371583418	-0.3435353762779271
28.88570969612873	-0.343408614657191
28.91328567642328	-0.3432819465457046
28.94086165671783	-0.3431553714466085
28.96843763701238	-0.3430288901007122
28.99601361730693	-0.342902502008796
29.02358959760148	-0.3427762070729594
29.05116557789603	-0.3426500051946628
29.07874155819058	-0.342523896274719
29.10631753848513	-0.3423978802132833
29.13389351877968	-0.3422719569098395
29.16146949907423	-0.3421461262631815
29.18904547936878	-0.3420203881713894
29.21662145966333	-0.3418947424351888
29.24419743995788	-0.3417691891209572
29.27177342025243	-0.3416437280625602
29.29934940054698	-0.3415183591676864
29.32692538084153	-0.3413930823529126
29.35450136113608	-0.3412678975565868
29.38207734143063	-0.3411428047823137
29.40965332172518	-0.3410178043134766
29.43722930201973	-0.3408928993776132
29.46480528231428	-0.3407680651282339
29.49238126260883	-0.3406433435873727
29.51995724290338	-0.3405187092987675
29.54753322319793	-0.3403941653627878
29.57510920349248	-0.3402697122619857
29.60268518378703	-0.3401453500361982
29.63026116408158	-0.3400210786352438
29.65783714437613	-0.3398968979810685
29.68541312467068	-0.3397728079848739
29.71298910496523	-0.3396488085531709
29.74056508525978	-0.3395248995902998
29.76814106555433	-0.339401080739915
29.79571704584888	-0.3392773524623531
29.82329302614343	-0.3391537143773079
29.85086900643798	-0.3390301663838949
29.87844498673253	-0.3389067083814463
29.90602096702708	-0.3387833402695081
29.93359694732163	-0.3386600619478375
29.96117292761618	-0.3385368733164008
29.98874890791073	-0.3384137742753702
30.01632488820528	-0.3382907647251225
30.04390086849983	-0.3381678443838861
30.07147684879438	-0.3380450135157174
30.09905282908893	-0.3379222718590894
30.12662880938348	-0.3377996193207091
30.15420478967803	-0.3376770558101835
30.18178076997258	-0.3375545812429709
30.20935675026713	-0.3374321955481577
30.23693273056168	-0.3373098986936937
30.26450871085623	-0.33718769080218
30.29208469115078	-0.3370655733002703
30.31966067144533	-0.33694353739885
30.34723665173988	-0.3368215940560589
30.37481263203443	-0.3366997389615768
30.40238861232898	-0.3365779720213369
30.42996459262353	-0.33645629314121
30.45754057291808	-0.3363347022270315
30.48511655321263	-0.3362131991846251
30.51269253350718	-0.336091783919821
30.54026851380173	-0.3359704563384735
30.56784449409628	-0.3358492163464741
30.59542047439083	-0.3357280639175789
30.62299645468539	-0.335606998818617
30.65057243497994	-0.3354860210206695
30.67814841527449	-0.3353651304295414
30.70572439556904	-0.335244326951258
30.73330037586359	-0.3351236104921027
30.76087635615814	-0.335002980958676
30.78845233645269	-0.3348824382579938
30.81602831674724	-0.3347619822976569
30.84360429704179	-0.3346416129861609
30.87118027733634	-0.334521330267777
30.89875625763089	-0.3344011339963175
30.92633223792544	-0.3342810241151264
30.95390821821999	-0.3341610005538633
30.98148419851454	-0.3340410632757513
31.00906017880909	-0.3339212123745678
31.03663615910364	-0.3338014489761631
31.06421213939819	-0.3336817565885429
31.09178811969274	-0.3335621701021108
31.11936409998729	-0.3334426629439841
31.14694008028184	-0.333323238416778
31.17451606057639	-0.3332039032831586
31.20209204087094	-0.3330846524324542
31.22966802116549	-0.3329654866253624
31.25724400146004	-0.3328464059476336
31.28481998175459	-0.332727410367891
31.31239596204914	-0.3326084998207806
31.33997194234369	-0.3324896742281536
31.36754792263824	-0.3323709335062069
31.39512390293279	-0.3322522775683611
31.42269988322734	-0.332133706205881
31.45027586352189	-0.3320152195945185
31.47785184381644	-0.3318968175048527
31.50542782411099	-0.331778499845181
31.53300380440554	-0.3316602665240821
31.56057978470009	-0.331542117450394
31.58815576499464	-0.3314240525331952
31.61573174528919	-0.33130607168179
31.64330772558374	-0.3311881748056943
31.67088370587829	-0.3310703618146263
31.69845968617284	-0.3309526326184954
31.72603566646739	-0.3308349871273957
31.75361164676194	-0.3307174252515987
31.78118762705649	-0.3305999469015472
31.80876360735104	-0.3304825519878509
31.83633958764559	-0.3303652404212813
31.86391556794014	-0.3302480121127686
31.89149154823469	-0.3301308669733978
31.91906752852924	-0.3300138049144062
31.94664350882379	-0.3298968258471808
31.97421948911834	-0.329779929683256
32.00179546941289	-0.3296631163343111
32.02937144970744	-0.3295463857121694
32.05694743000199	-0.3294297377287962
32.08452341029654	-0.3293131722962973
32.11209939059109	-0.3291966893269176
32.13967537088564	-0.3290802887330405
32.16725135118019	-0.3289639704271866
32.19482733147474	-0.3288477343220123
32.22240331176929	-0.3287315803303097
