0
1000	105.6583745	100000000000000.1
5	0	0	1
5	0	0	0
4.673998997513734	3.939439173177262e-09
4.701574977808284	1.276024130926551e-08
4.729150958102834	2.123629756835849e-08
4.756726938397384	2.773544283411527e-08
4.784302918691934	3.120331253143474e-08
4.811878898986484	3.180182270342621e-08
4.839454879281035	3.317402099658259e-08
4.867030859575585	3.619048833289952e-08
4.894606839870135	4.108170244501829e-08
4.922182820164685	4.805231595166749e-08
4.949758800459235	5.725605848073962e-08
4.977334780753785	6.884246330840662e-08
5.004910761048335	8.288514884160589e-08
5.032486741342885	9.950735971497471e-08
5.060062721637435	1.1876292863867e-07
5.087638701931986	1.41009335301219e-07
5.115214682226536	1.681570107816701e-07
5.142790662521086	2.002656692166893e-07
5.170366642815636	2.368191581157919e-07
5.197942623110186	2.771527473105559e-07
5.225518603404736	3.205962771865414e-07
5.253094583699286	3.662940045306775e-07
5.280670563993836	4.13685064940381e-07
5.308246544288386	4.622415672104732e-07
5.335822524582936	5.118418545730117e-07
5.363398504877487	5.629108498841189e-07
5.390974485172037	6.169041024631593e-07
5.418550465466587	6.744507918788509e-07
5.446126445761137	7.387063319839923e-07
5.473702426055687	8.138976839776378e-07
5.501278406350237	8.929368715316098e-07
5.528854386644787	9.597569072589244e-07
5.556430366939337	1.03918210629226e-06
5.584006347233887	1.157913494209157e-06
5.611582327528438	1.35992090556935e-06
5.639158307822988	1.687157498801071e-06
5.666734288117538	2.178834569514081e-06
5.694310268412088	2.834385714586498e-06
5.721886248706638	3.702275321212047e-06
5.749462229001188	4.820300043823389e-06
5.777038209295738	6.832763991261426e-06
5.804614189590288	9.798775106894345e-06
5.832190169884838	1.292775508262921e-05
5.859766150179389	1.648545436889675e-05
5.887342130473939	1.903945802178379e-05
5.914918110768489	2.266596336919935e-05
5.942494091063039	2.544640681351304e-05
5.970070071357589	2.970946617338465e-05
5.997646051652139	3.308077169410104e-05
6.025222031946689	3.793077891720334e-05
6.052798012241239	4.498565057722338e-05
6.080373992535789	5.269446722421424e-05
6.107949972830339	6.150286007611075e-05
6.13552595312489	6.629367962478307e-05
6.16310193341944	7.411161242263222e-05
6.19067791371399	7.922962546671207e-05
6.21825389400854	8.42420993045727e-05
6.24582987430309	9.174546455108617e-05
6.27340585459764	9.729675175023023e-05
6.30098183489219	0.0001049710795397972
6.32855781518674	0.0001094533285365943
6.35613379548129	0.0001185767382895244
6.383709775775841	0.0001266011769996843
6.411285756070391	0.0001475593485709083
6.438861736364941	0.0001962638601936554
6.466437716659491	0.0002919584891650385
6.494013696954041	0.0004394570929199858
6.521589677248591	0.0006491404996428005
6.549165657543141	0.000935397003644919
6.576741637837691	0.001306019572295412
6.604317618132241	0.001820045484881935
6.631893598426791	0.002426497862553873
6.659469578721342	0.003171843367237146
6.687045559015892	0.004042348380490079
6.714621539310442	0.005032813125503674
6.742197519604992	0.006176149446288873
6.769773499899542	0.007475931035250469
6.797349480194092	0.008901417160832316
6.824925460488642	0.01050283459443301
6.852501440783192	0.01227198093614906
6.880077421077742	0.01418946712822157
6.907653401372293	0.01624868505782818
6.935229381666843	0.01853027028805904
6.962805361961393	0.02098538311677406
6.990381342255943	0.0236198011416211
7.017957322550493	0.02644828029494865
7.045533302845043	0.02940354176436658
7.073109283139593	0.03261155234398755
7.100685263434143	0.03597845433537895
7.128261243728693	0.03956093728074841
7.155837224023244	0.0432866786809005
7.183413204317794	0.04723958420023872
7.210989184612344	0.05136575714418619
7.238565164906894	0.05564193904852253
7.266141145201444	0.06016542459566722
7.293717125495994	0.06490248232325839
7.321293105790544	0.06976248547748611
7.348869086085094	0.07484592997184202
7.376445066379644	0.08007961384234405
7.404021046674194	0.08557179265280664
7.431597026968745	0.09125945754805594
7.459173007263295	0.09705845329183982
7.486748987557845	0.1030712700885724
7.514324967852395	0.1092486916265204
7.541900948146945	0.1156776229197726
7.569476928441495	0.1222123076988249
7.597052908736045	0.1289933848189806
7.624628889030595	0.1358972635039033
7.652204869325145	0.143029234156769
7.679780849619696	0.1502825479021652
7.707356829914246	0.1577761871007401
7.734932810208796	0.1653769603212478
7.762508790503346	0.1732243977664356
7.790084770797896	0.1811595936423105
7.817660751092446	0.1892885574614592
7.845236731386996	0.1976019611666079
7.872812711681546	0.2060552887323345
7.900388691976096	0.2147193937935434
7.927964672270646	0.2234825190176295
7.955540652565197	0.2324763848267685
7.983116632859747	0.2415393441751576
8.010692613154298	0.2507819742473714
8.038268593448848	0.2602212075502774
8.065844573743398	0.2697389720080441
8.093420554037948	0.2794211774529032
8.120996534332498	0.289331551012281
8.148572514627048	0.2992916161175257
8.176148494921598	0.3094682621157648
8.203724475216148	0.3197066979320211
8.231300455510699	0.3300807400276216
8.258876435805249	0.3406452506528671
8.286452416099799	0.3512833193518484
8.314028396394349	0.3620695477895504
8.341604376688899	0.373070739098577
8.369180356983449	0.3840701906538277
8.396756337277999	0.395235392767535
8.424332317572549	0.4064872706387452
8.451908297867099	0.4179671608579464
8.47948427816165	0.4294719042215671
8.5070602584562	0.4410918578151641
8.53463623875075	0.4528946980902872
8.5622122190453	0.4647335384897784
8.58978819933985	0.4766776201055736
8.6173641796344	0.488746850841594
8.64494015992895	0.5010124886116619
8.6725161402235	0.5132841889403501
8.70009212051805	0.5256626940266507
8.7276681008126	0.5382388854560142
8.755244081107151	0.5508350302970788
8.782820061401701	0.5635052044189356
8.810396041696251	0.5762460731816381
8.837972021990801	0.5893268490361355
8.865548002285351	0.6022778270902492
8.893123982579901	0.615409119839906
8.920699962874451	0.6284922282400632
8.948275943169001	0.6419086734429897
8.975851923463551	0.6551329721590424
9.003427903758102	0.6685577872778876
9.031003884052652	0.6818785915798304
9.058579864347202	0.6953538166301282
9.086155844641752	0.7088419223654703
9.113731824936302	0.7216502319749822
9.141307805230852	0.7353122293832273
9.168883785525402	0.7487654880535487
9.196459765819952	0.7628559924166152
9.224035746114502	0.7764035078212604
9.251611726409052	0.7911164704028519
9.279187706703603	0.8053408947414487
9.306763686998153	0.8211126693703539
9.334339667292703	0.8369272333018841
9.361915647587253	0.8540362256378162
9.389491627881803	0.8726723367800109
9.417067608176353	0.8902532063823179
9.444643588470903	0.9101008515952532
9.472219568765453	0.929281574796512
9.499795549060003	0.9514264225293245
9.527371529354554	0.9725971924552155
9.554947509649104	0.9954588730368398
9.582523489943654	1.020094167041703
9.610099470238204	1.043612780661171
9.637675450532754	1.069898584513872
9.665251430827304	1.09473873058951
9.692827411121854	1.123194078284461
9.720403391416404	1.151387868922777
9.747979371710954	1.180138259789422
9.775555352005505	1.211873345749143
9.803131332300055	1.241953140818906
9.830707312594605	1.275315078022783
9.858283292889155	1.30869039422095
9.885859273183705	1.342613343406311
9.913435253478255	1.380021919067729
9.941011233772805	1.417354377519019
9.968587214067355	1.455664225763753
9.996163194361905	1.496424644614534
10.02373917465646	1.538185470075389
10.05131515495101	1.580811401538395
10.07889113524556	1.624695942013102
10.10646711554011	1.670691608023873
10.13404309583466	1.718164114748886
10.16161907612921	1.76745967640427
10.18919505642376	1.818333324783746
10.21677103671831	1.871144892649363
10.24434701701286	1.925552172911701
10.27192299730741	1.981811413051598
10.29949897760196	2.039252443513444
10.32707495789651	2.099366743856142
10.35465093819106	2.161620394611826
10.38222691848561	2.225649123343235
10.40980289878016	2.292287391162806
10.43737887907471	2.360998078269916
10.46495485936926	2.43269628737317
10.49253083966381	2.505624623830796
10.52010681995836	2.581529072724432
10.54768280025291	2.660189821585256
10.57525878054746	2.740253968804481
10.60283476084201	2.82436757875199
10.63041074113656	2.910686949162855
10.65798672143111	3.001687581587628
10.68556270172566	3.093208024766059
10.71313868202021	3.188614105011366
10.74071466231476	3.289133374121547
10.76829064260931	3.391705648756262
10.79586662290386	3.497035742882629
10.82344260319841	3.606327838135735
10.85101858349296	3.720589131888804
10.87859456378751	3.836687046835379
10.90617054408206	3.957692957201244
10.93374652437661	4.083524896057937
10.96132250467116	4.214870285380037
10.98889848496571	4.348084348902756
11.01647446526026	4.486593992646249
11.04405044555481	4.632288016278748
11.07162642584936	4.781373106999158
11.09920240614391	4.934997144805175
11.12677838643846	5.093895509802919
11.15435436673301	5.260118994602909
11.18193034702756	5.431598810477756
11.20950632732211	5.608413147928321
11.23708230761666	5.790673408646313
11.26465828791121	5.98227979693852
11.29223426820576	6.179211167259761
11.31981024850031	6.382940688660965
11.34738622879486	6.592922312774728
11.37496220908941	6.811922524325663
11.40253818938396	7.040324103018816
11.43011416967851	7.274962432552106
11.45769014997306	7.518663970649283
11.48526613026761	7.770403946636796
11.51284211056216	8.033265236248715
11.54041809085671	8.304300345486583
11.56799407115126	8.585813527693634
11.59557005144581	8.877987684802424
11.62314603174036	9.179489572781085
11.65072201203491	9.448075669140342
11.67829799232946	9.820084319691677
11.70587397262401	10.15800017985268
11.73344995291856	10.50884176475582
11.76102593321311	10.8727618991156
11.78860191350766	11.24963554289864
11.81617789380221	11.64134501638639
11.84375387409676	12.04797373172954
11.87132985439131	12.47027376594365
11.89890583468586	12.90853252959888
11.92648181498041	13.36299880641594
11.95405779527496	13.83548847920429
11.98163377556951	14.32593647427968
12.00920975586406	14.83524618061922
12.03678573615861	15.36469106548231
12.06436171645316	15.91338716486029
12.09193769674771	16.48410586820701
12.11951367704226	17.07701735013527
12.14708965733681	17.69296191653619
12.17466563763136	18.33290090935977
12.20224161792591	18.997533880657
12.22981759822046	19.68853426577776
12.25739357851501	20.40655682086413
12.28496955880956	21.15281400980617
12.31254553910411	21.92859391210989
12.34012151939866	22.73530282368134
12.36769749969321	23.57251613531558
12.39527347998776	24.44361970370775
12.42284946028231	25.34913364909507
12.45042544057686	26.29055586827513
12.47800142087141	27.26849087051794
12.50557740116597	28.28781117023543
12.53315338146052	29.34437829729393
12.56072936175507	30.44492060384004
12.58830534204962	31.58899924264395
12.61588132234417	32.77872861947244
12.64345730263872	34.01515905588313
12.67103328293327	35.30367129804453
12.69860926322782	36.64035259545886
12.72618524352237	38.03215344728446
12.75376122381692	39.47995030813112
12.78133720411147	40.98558083889068
12.80891318440602	42.55098377864596
12.83648916470057	44.18093536341615
12.86406514499512	45.87517025028907
12.89164112528967	47.63644609335772
12.91921710558422	49.46957713261006
12.94679308587877	51.37663692102979
12.97436906617332	53.3593421410531
13.00194504646787	55.42274471231642
13.02952102676242	57.57101936848159
13.05709700705697	59.80385506890013
13.08467298735152	62.12489029614964
13.11224896764607	64.5413278752609
13.13982494794062	67.05400072495604
13.16740092823517	69.66911114391272
13.19497690852972	72.39105700220966
13.22255288882427	75.2206615307454
13.25012886911882	78.16420069582017
13.27770484941337	81.22448753359582
13.30528082970792	84.40975372953513
13.33285681000247	87.72269988855219
13.36043279029702	91.16936866695666
13.38800877059157	94.755098090095
13.41558475088612	98.48588349465867
13.44316073118067	102.3653634935507
13.47073671147522	106.40073049257
13.49831269176977	110.5961645919188
13.52588867206432	114.9621693476663
13.55346465235887	119.5033848750961
13.58104063265342	124.2268564658462
13.60861661294797	129.1420812145389
13.63619259324252	134.2518436577142
13.66376857353707	139.5662670184902
13.69134455383162	145.0934141753863
13.71892053412617	150.8389711258438
13.74649651442072	156.8171488685139
13.77407249471527	163.0343175715239
13.80164847500982	169.4995791287213
13.82922445530437	176.2250199082779
13.85680043559892	183.2169678898644
13.88437641589347	190.487178099107
13.91195239618802	198.0463016228423
13.93952837648257	205.9068347776394
13.96710435677712	214.0781412243983
13.99468033707167	222.5761410454954
14.02225631736622	231.4114747936181
14.04983229766077	240.5987718670441
14.07740827795532	250.1489270727253
14.10498425824987	260.0777059199339
14.13256023854442	270.398141113128
14.16013621883897	281.127786599482
14.18771219913352	292.2812402661677
14.21528817942807	303.8738839318673
14.24286415972262	315.9250308680479
14.27044014001717	328.451105830174
14.29801612031172	341.4725637955822
14.32559210060627	355.0040093833653
14.35316808090082	369.0664051695528
14.38074406119537	383.6821842344553
14.40832004148992	398.871095325106
14.43589602178447	414.6553241343484
14.46347200207902	431.0557149568291
14.49104798237357	448.0997135017852
14.51862396266812	465.8099645316553
14.54619994296267	484.213832643295
14.57377592325722	503.3334790385782
14.60135190355177	523.1975229124977
14.62892788384632	543.8356690250704
14.65650386414087	565.2765271096406
14.68407984443542	587.550933043715
14.71165582472997	610.6896203730739
14.73923180502452	634.7236983349158
14.76680778531907	659.6912940137917
14.79438376561362	685.6265239256393
14.82195974590817	712.5629714869223
14.84953572620272	740.5389992827036
14.87711170649727	769.5956963050626
14.90468768679182	799.7726270202637
14.93226366708637	831.1117720693286
14.95983964738092	863.6566838395173
14.98741562767547	897.4529327300137
15.01499160797002	932.5464472075022
15.04256758826457	968.9845428931991
15.07014356855912	1006.823338443535
15.09771954885368	1046.107886743504
15.12529552914823	1086.893923674163
15.15287150944278	1129.239232332395
15.18044748973733	1173.200768003428
15.20802347003188	1218.838493964792
15.23559945032643	1266.214581348428
15.26317543062098	1315.393435353533
15.29075141091553	1366.441797357215
15.31832739121008	1419.429085148425
15.34590337150463	1474.424209496757
15.37347935179918	1531.508212006162
15.40105533209373	1590.750548988033
15.42863131238828	1652.234309990675
15.45620729268283	1716.041698101205
15.48378327297738	1782.257533541656
15.51135925327193	1850.970474036373
15.53893523356648	1922.272138335548
15.56651121386103	1996.257500680145
15.59408719415558	2073.024829840495
15.62166317445013	2152.675858046688
15.64923915474468	2235.316331424849
15.67681513503923	2321.052823793148
15.70439111533378	2410.002392121437
15.73196709562833	2502.28028448818
15.75954307592288	2598.007701399496
15.78711905621743	2697.310010827548
15.81469503651198	2800.317226789242
15.84227101680653	2907.163880130199
15.86984699710108	3017.989249888608
15.89742297739563	3132.93761709822
15.92499895769018	3252.158352942423
15.95257493798473	3375.805801003177
15.98015091827928	3504.040105368175
16.00772689857383	3637.026827769198
16.03530287886838	3774.93820441284
16.06287885916293	3917.950764720226
16.09045483945748	4066.248309757193
16.11803081975203	4220.022120556962
16.14560680004658	4379.468092730115
16.17318278034113	4544.790306563949
16.20075876063568	4716.199926664077
16.22833474093023	4893.915182467329
16.25591072122478	5078.162312254935
16.28348670151933	5269.174784983644
16.31106268181388	5467.194903150769
16.33863866210843	5672.472442347444
16.36621464240298	5885.270786662675
16.39379062269753	6105.850046266106
16.42136660299208	6334.495440214934
16.44894258328663	6571.491315980775
16.47651856358118	6817.135308856186
16.50409454387573	7071.735054131304
16.53167052417028	7335.609337081485
16.55924650446483	7609.087124535705
16.58682248475938	7892.509469609199
16.61439846505393	8186.229072349294
16.64197444534848	8490.610860274892
16.66955042564303	8806.031177647646
16.69712640593758	9132.883155580852
16.72470238623213	9471.571378490084
16.75227836652668	9822.510628337644
16.77985434682123	10186.1327024751
16.80743032711578	10562.89003202935
16.83500630741033	10953.24309274968
16.86258228770488	11357.67135752997
16.89015826799943	11776.66875883711
16.91773424829398	12210.74931910252
16.94531022858853	12660.4421902859
16.97288620888308	13126.29607200203
17.00046218917763	13608.87809526447
17.02803816947218	14108.77494977787
17.05561414976673	14626.59244084239
17.08319013006128	15162.9601280317
17.11076611035583	15718.52915744685
17.13834209065038	16293.96534782824
17.16591807094493	16889.9657117648
17.19349405123948	17507.24871027814
17.22107003153403	18146.55529287525
17.24864601182858	18808.65632707159
17.27622199212313	19494.34497563349
17.30379797241768	20204.44313935383
17.33137395271223	20939.79942503587
17.35894993300678	21701.29256228961
17.38652591330133	22489.83150838836
17.41410189359588	23306.35492793852
17.44167787389043	24151.83369894124
17.46925385418498	25027.27378753971
17.49682983447953	25933.71302010591
17.52440581477408	26872.22506836672
17.55198179506863	27843.92342681373
17.57955777536318	28849.95000277255
17.60713375565773	29891.49489843833
17.63470973595228	30969.78528547109
17.66228571624683	32086.08662380749
17.68986169654139	33241.71705787645
17.71743767683594	34438.02999209199
17.74501365713049	35676.42685255435
17.77258963742504	36958.35754342502
17.80016561771959	38285.32120827353
17.82774159801414	39658.86520898605
17.85531757830869	41080.59106427441
17.88289355860324	42552.15815294084
17.91046953889779	44075.27185128445
17.93804551919234	45651.70559560342
17.96562149948689	47283.28683316107
17.99319747978144	48971.90647552218
18.02077346007599	50719.51594397041
18.04834944037054	52528.13594327553
18.07592542066509	54399.85415279076
18.10350140095964	56336.8278306757
18.13107738125419	58341.28729731005
18.15865336154874	60415.53421508417
18.18622934184329	62561.95713399044
18.21380532213784	64783.01494879072
18.24138130243239	67081.25216350927
18.26895728272694	69459.29968522655
18.29653326302149	71919.8731121773
18.32410924331604	74465.78435453183
18.35168522361059	77099.93632926792
18.37926120390514	79825.32737253846
18.40683718419969	82645.05849473715
18.43441316449424	85562.33273222559
18.46198914478879	88580.46389054395
18.48956512508334	91702.8735661855
18.51714110537789	94933.09183440176
18.54471708567244	98274.77610281789
18.57229306596699	101731.7006075901
18.59986904626154	105307.7666315691
18.62744502655609	109007.0045807158
18.65502100685064	112833.5808902979
18.68259698714519	116791.7968603652
18.71017296743974	120886.1012068455
18.73774894773429	125121.0884982265
18.76532492802884	129501.5053427553
18.79290090832339	134032.255260592
18.82047688861794	138718.4075319506
18.84805286891249	143565.1986810107
18.87562884920704	148578.0380180058
18.90320482950159	153762.5108999498
18.93078080979614	159124.3949787207
18.95835679009069	164669.6537026723
18.98593277038524	170404.4494489225
19.01350875067979	176335.1519848838
19.04108473097434	182468.3346911594
19.06866071126889	188810.7904247105
19.09623669156344	195369.5421569161
19.12381267185799	202151.8392914257
19.15138865215254	209165.1722366131
19.17896463244709	216417.2779248486
19.20654061274164	223916.1512298076
19.23411659303619	231670.0474531811
19.26169257333074	239687.4936330863
19.28926855362529	247977.3020448834
19.31684453391984	256548.5737821533
19.34442051421439	265410.7061866399
19.37199649450894	274573.4068173181
19.39957247480349	284046.7075812712
19.42714845509804	293840.9641321965
19.45472443539259	303966.8668607117
19.48230041568714	314435.4913370799
19.50987639598169	325258.2289459664
19.53745237627624	336446.8688937679
19.56502835657079	348013.5905954411
19.59260433686534	359970.9642118785
19.62018031715989	372331.9791871681
19.64775629745444	385110.0472676308
19.67533227774899	398319.0181591903
19.70290825804354	411973.1984431597
19.73048423833809	426087.3610133107
19.75806021863264	440676.7617992805
19.78563619892719	455757.1597105489
19.81321217922174	471344.8260341145
19.84078815951629	487456.5627812574
19.86836413981084	504109.7211020509
19.89594012010539	521322.2260484811
19.92351610039994	539112.5789503735
19.95109208069449	557499.8887037354
19.97866806098904	576503.8863134285
20.00624404128359	596144.9489427771
20.03382002157814	616444.1188124618
20.06139600187269	637423.1185368327
20.08897198216724	659104.3856089029
20.11654796246179	681511.080837516
20.14412394275634	704667.1240948983
20.17169992305089	728597.2127895214
20.19927590334544	753326.8545219885
20.22685188363999	778882.3665617188
20.25442786393454	805290.9496735465
20.2820038442291	832580.6629043412
20.30957982452365	860780.4915279663
20.3371558048182	889920.3597368525
20.36473178511275	920031.1597567196
20.3923077654073	951144.7858229799
20.41988374570185	983294.1761179938
20.4474597259964	1016513.337691221
20.47503570629095	1050837.359189736
20.5026116865855	1086302.483223551
20.53018766688005	1122946.130852373
20.5577636471746	1160806.919794098
20.58533962746915	1199924.733243556
20.6129156077637	1240340.745158565
20.64049158805825	1282097.420356243
20.6680675683528	1325238.672258087
20.69564354864735	1369809.774120145
20.7232195289419	1415857.485473693
20.75079550923645	1463430.07335483
20.778371489531	1512577.360302081
20.80594746982555	1563350.77486881
20.8335234501201	1615803.388070724
20.86109943041465	1669990.081561351
20.8886754107092	1725967.363271068
20.91625139100375	1783793.648349947
20.9438273712983	1843529.221723445
20.97140335159285	1905236.305771531
20.9989793318874	1968979.122776835
21.02655531218195	2034823.975205935
21.0541312924765	2102839.286840299
21.08170727277105	2173095.694032301
21.1092832530656	2245666.102993419
21.13685923336015	2320625.76158418
21.1644352136547	2398052.345479256
21.19201119394925	2478026.002993213
21.2195871742438	2560629.483451031
21.24716315453835	2645948.167768271
21.2747391348329	2734070.236347543
21.30231511512745	2825086.616247189
21.329891095422	2919091.236056167
21.35746707571655	3016180.951395434
21.3850430560111	3116455.794978362
21.41261903630565	3220018.966462155
21.4401950166002	3326976.995793905
21.46777099689475	3437439.807897342
21.4953469771893	3551520.873977823
21.52292295748385	3669337.288310267
21.5504989377784	3791009.854540723
21.57807491807295	3916663.305241871
21.6056508983675	4046426.339668978
21.63322687866205	4180431.739201307
21.6608028589566	4318816.574736576
21.68837883925115	4461722.284195202
21.7159548195457	4609294.82706843
21.74353079984025	4761684.843432502
21.7711067801348	4919047.717405873
21.79868276042935	5081543.88474769
21.8262587407239	5249338.716086362
21.85383472101845	5422603.407783593
21.881410701313	5601513.813791039
21.90898668160755	5786251.889564683
21.9365626619021	5977005.343716305
21.96413864219665	6173967.832181824
21.9917146224912	6377339.135330482
22.01929060278575	6587325.472813973
22.0468665830803	6804139.605110905
22.07444256337485	7028001.016167574
22.1020185436694	7259136.275668561
22.12959452396395	7497779.088186341
22.1571705042585	7744170.559627
22.18474648455305	7998559.662323073
22.2123224648476	8261203.070022115
22.23989844514215	8532365.705090193
22.2674744254367	8812321.018075991
22.29505040573125	9101350.759852448
22.3226263860258	9399746.177132977
22.35020236632035	9707807.371457385
22.3777783466149	10025844.08884432
22.40535432690945	10354175.99854543
22.432930307204	10693132.77070282
22.46050628749855	11043054.66181511
22.4880822677931	11404292.60264186
22.51565824808765	11777208.84839466
22.5432342283822	12162176.87217079
22.57081020867675	12559582.12184975
22.5983861889713	12969822.25868801
22.62596216926585	13393307.58705724
22.6535381495604	13830461.34935242
22.68111412985495	14281720.20726885
22.7086901101495	14747534.64505643
22.73626609044405	15228369.40051258
22.7638420707386	15724703.89696559
22.79141805103315	16237032.74851529
22.8189940313277	16765866.18309379
22.84657001162225	17311730.66064597
22.87414599191681	17875169.10837746
22.90172197221136	18456741.86758098
22.92929795250591	19057026.73462731
22.95687393280046	19676619.86750979
22.98444991309501	20316136.29178323
23.01202589338956	20976210.33311091
23.03960187368411	21657496.43650511
23.06717785397866	22360669.59494134
23.09475383427321	23086426.28630489
23.12232981456776	23835484.68086511
23.14990579486231	24608586.11598181
23.17748177515686	25406494.63045126
23.20505775545141	26229998.74215965
23.23263373574596	27079911.84166503
23.26020971604051	27957072.64167641
23.28778569633506	28862346.73997695
23.31536167662961	29796626.53124633
23.34293765692416	30760832.83598257
23.37051363721871	31755915.26838067
23.39808961751326	32782853.4585642
23.42566559780781	33842657.81378516
23.45324157810236	34936370.43190404
23.48081755839691	36065066.3470405
23.50839353869146	37229854.17416736
23.53596951898601	38431877.70703156
23.56354549928056	39672316.32995807
23.59112147957511	40952386.78067727
23.61869745986966	42273343.78570318
23.64627344016421	43636481.70878945
23.67384942045876	45043135.37526505
23.70142540075331	46494681.57427722
23.72900138104786	47992540.27495462
23.75657736134241	49538176.09541015
23.78415334163696	51133099.62915043
23.81172932193151	52778868.69435316
23.83930530222606	54477089.93142437
23.86688128252061	56229420.50043107
23.89445726281516	58037569.569094
23.92203324310971	59903299.72254647
23.94960922340426	61828428.82800443
23.97718520369881	63814831.5832465
24.00476118399336	65864441.77001457
24.03233716428791	67979253.2497987
24.05991314458246	70161322.78618528
24.08748912487701	72412770.22576506
24.11506510517156	74735784.17566828
24.14264108546611	77132619.82871817
24.17021706576066	79605603.36751188
24.19779304605521	82157133.78066872
24.22536902634976	84789685.01655683
24.25294500664431	87505808.49182634
24.28052098693886	90308135.05386892
24.30809696723341	93199378.77793531
24.33567294752796	96182336.31384145
24.36324892782251	99259894.72217125
24.39082490811706	102435028.2520408
24.41840088841161	105710805.9062371
24.44597686870616	109090391.8980544
24.47355284900071	112577049.2286241
24.50112882929526	116174142.6588996
24.52870480958981	119885142.2026607
24.55628078988436	123713626.0147655
24.58385677017891	127663282.5924264
24.61143275047346	131737918.4525998
24.63900873076801	135941455.2144132
24.66658471106256	140277939.4761961
24.69416069135711	144751542.6306905
24.72173667165166	149366566.2041347
24.74931265194621	154127445.7013924
24.77688863224076	159038755.086188
24.80446461253531	164105210.3684033
24.83204059282986	169331674.7226391
24.85961657312441	174723161.2665947
24.88719255341896	180284842.5938421
24.91476853371351	186022047.8693639
24.94234451400806	191940275.07079
24.96992049430261	198045192.4081692
24.99749647459716	204342643.954582
25.02507245489171	210838655.6968969
25.05264843518626	217539441.0940762
25.08022441548081	224451406.6832871
25.10780039577536	231581157.3356873
25.13537637606991	238935513.4333705
25.16295235636446	246521468.2764137
25.19052833665901	254346292.6253783
25.21810431695356	262417441.2885844
25.24568029724811	270742609.7713721
25.27325627754266	279329734.8257026
25.30083225783721	288186998.4630827
25.32840823813176	297322836.5468025
25.35598421842631	306745947.1131818
25.38356019872086	316465296.9134808
25.41113617901541	326490130.2566471
25.43871215930996	336829981.7921199
25.46628813960452	347494679.0767639
25.49386411989907	358494352.9109588
25.52144010019362	369839449.616591
25.54901608048817	381540739.3466176
25.57659206078272	393609325.7135163
25.60416804107727	406056656.0064183
25.63174402137182	418894532.6301792
25.65932000166637	432134967.9859818
25.68689598196092	445790966.2892032
25.71447196225547	459875002.1590262
25.74204794255002	474400560.3437257
25.76962392284457	489381382.6688737
25.79719990313912	504831643.0055529
25.82477588343367	520765948.5087051
25.85235186372822	537199359.2242093
25.87992784402277	554147399.4230722
25.90750382431732	571626080.5513773
25.93507980461187	589651890.9333898
25.96265578490642	608241858.0791265
25.99023176520097	627413506.1527288
26.01780774549552	647184913.7401285
26.04538372579007	667574721.7616851
26.07295970608462	688602136.0350511
26.10053568637917	710286963.9728749
26.12811166667372	732649621.759245
26.15568764696827	755711156.4650636
26.18326362726282	779493262.8779894
26.21083960755737	804018301.5388254
26.23841558785192	829309343.7766834
26.26599156814647	855390141.383877
26.29356754844102	882285198.6539924
26.32114352873557	910019769.1219652
26.34871950903012	938619891.922737
26.37629548932467	968112400.8620192
26.40387146961922	998524959.8359725
26.43144744991377	1029886086.163258
26.45902343020832	1062225172.863721
26.48659941050287	1095572523.995459
26.51417539079742	1129959364.350818
26.54175137109197	1165417900.744463
26.56932735138652	1201981315.317326
26.59690333168107	1239683822.679919
26.62447931197562	1278560675.257324
26.65205529227017	1318648224.948148
26.67963127256472	1359983937.764827
26.70720725285927	1402606433.823564
26.73478323315382	1446555516.306674
26.76235921344837	1491872220.200757
26.78993519374292	1538598829.314403
26.81751117403747	1586778959.460329
26.84508715433202	1636457524.700218
26.87266313462657	1687680846.995349
26.90023911492112	1740496668.66086
26.92781509521567	1794954187.994045
26.95539107551022	1851104126.419066
26.98296705580477	1908998760.4118
27.01054303609932	1968691973.240616
27.03811901639387	2030239300.904167
27.06569499668842	2093697986.945805
27.09327097698297	2159127027.872826
27.12084695727752	2226587244.421921
27.14842293757207	2296141279.13536
27.17599891786662	2367853798.372817
27.20357489816117	2441791351.563132
27.23115087845572	2518022569.511274
27.25872685875027	2596618185.39521
27.28630283904482	2677651098.13073
27.31387881933937	2761196457.399106
27.34145479963392	2847331693.520649
27.36903077992847	2936136627.312616
27.39660676022302	3027693576.257146
27.42418274051757	3122087204.365808
27.45175872081212	3219404951.535944
27.47933470110667	3319736905.954284
27.50691068140122	3423175862.376572
27.53448666169577	3529817487.156005
27.56206264199032	3639760373.446048
27.58963862228487	3753106131.150809
27.61721460257942	3869959494.124708
27.64479058287397	3990428390.796909
27.67236656316852	4114623983.785462
27.69994254346307	4242661068.506451
27.72751852375762	4374657632.304573
27.75509450405217	4510735552.913955
27.78267048434672	4651020267.619783
27.81024646464127	4795641109.740387
27.83782244493582	4944731364.268362
27.86539842523037	5098428389.335112
27.89297440552492	5256873744.933443
27.92055038581947	5420213320.404739
27.94812636611402	5588597509.401711
27.97570234640857	5762181062.032104
28.00327832670312	5941123924.586469
28.03085430699767	6125590468.852203
28.05843028729223	6315750374.627013
28.08600626758678	6511778374.693238
28.11358224788133	6713854574.767074
28.14115822817588	6922164577.930618
28.16873420847043	7136899659.865754
28.19631018876498	7358256931.605167
28.22388616905953	7586439587.886645
28.25146214935408	7821656697.549393
28.27903812964863	8064124392.804716
28.30661410994318	8314064710.285278
28.33419009023773	8571706689.916387
28.36176607053228	8837286596.125061
28.38934205082683	9111047561.082476
28.41691803112138	9393240332.098854
28.44449401141593	9684123250.249422
28.47206999171048	9983962533.758366
28.49964597200503	10293032523.27187
28.52722195229958	10611615871.78251
28.55479793259413	10940003825.69261
28.58237391288868	11278497014.26023
28.60994989318323	11627404453.24448
28.63752587347778	11987044717.17375
28.66510185377233	12357746618.44755
28.69267783406688	12739848549.2124
28.72025381436143	13133699315.32944
28.74782979465598	13539658318.10901
28.77540577495053	13958095952.99835
28.80298175524508	14389393748.40782
28.83055773553963	14833945159.20709
28.85813371583418	15292155476.56857
28.88570969612873	15764441983.41072
28.91328567642328	16251235222.28848
28.94086165671783	16752978448.58986
28.96843763701238	17270128488.16118
28.99601361730693	17803156177.16077
29.02358959760148	18352546566.9458
29.05116557789603	18918799468.81307
29.07874155819058	19502430273.7742
29.10631753848513	20103968883.37525
29.13389351877968	20723962548.40118
29.16146949907423	21362974816.28703
29.18904547936878	22021585902.16407
29.21662145966333	22700394317.63763
29.24419743995788	23400016668.0065
29.27177342025243	24121087634.25069
29.29934940054698	24864261738.74992
29.32692538084153	25630213358.65002
29.35450136113608	26419637263.6618
29.38207734143063	27233248815.28405
29.40965332172518	28071786923.4961
29.43722930201973	28936010537.33916
29.46480528231428	29826703137.26203
29.49238126260883	30744671655.28761
29.51995724290338	31690747153.49425
29.54753322319793	32665786622.441
29.57510920349248	33670672351.66129
29.60268518378703	34706314834.23497
29.63026116408158	35773647421.0509
29.65783714437613	36873640098.76482
29.68541312467068	38007284394.62725
29.71298910496523	39175606671.47041
29.74056508525978	40379661643.58499
29.76814106555433	41620538046.41754
29.79571704584888	42899356369.00095
29.82329302614343	44217271701.43289
29.85086900643798	45575473785.72093
29.87844498673253	46975188422.56017
29.90602096702708	48417679026.19581
29.93359694732163	49904245552.64398
29.96117292761618	51436231756.37798
29.98874890791073	53015016269.854
30.01632488820528	54642023958.62305
30.04390086849983	56318721048.42403
30.07147684879438	58046617485.05386
30.09905282908893	59827270275.25112
30.12662880938348	61662282948.1954
30.15420478967803	63553307877.84349
30.18178076997258	65502047065.97958
30.20935675026713	67510254339.18076
30.23693273056168	69579736629.80089
30.26450871085623	71712353921.0298
30.29208469115078	73910027253.99478
30.31966067144533	76174729113.38556
30.34723665173988	78508496937.96933
30.37481263203443	80913427734.70789
30.40238861232898	83391681237.35619
30.42996459262353	85945484087.28271
30.45754057291808	88577129512.47382
30.48511655321263	91288980741.45004
30.51269253350718	94083469480.00038
30.54026851380173	96963104432.89668
30.56784449409628	99930468831.32812
30.59542047439083	102988222885.4756
30.62299645468539	106139111872.6214
30.65057243497994	109385957252.92
30.67814841527449	112731670442.7418
30.70572439556904	116179249452.4906
30.73330037586359	119731782129.2635
30.76087635615814	123392446409.7015
30.78845233645269	127164529475.0183
30.81602831674724	131051403322.6591
30.84360429704179	135056546599.5163
30.87118027733634	139183543532.5893
30.89875625763089	143436085420.4807
30.92633223792544	147817976549.5639
30.95390821821999	152333136761.4353
30.98148419851454	156985600283.3681
31.00906017880909	161779525677.3553
31.03663615910364	166719202726.6666
31.06421213939819	171809034220.9428
31.09178811969274	177053567673.7834
31.11936409998729	182457492640.0398
31.14694008028184	188025630856.861
31.17451606057639	193762950798.927
31.20209204087094	199674573805.0663
31.22966802116549	205765770722.1018
31.25724400146004	212041989247.4196
31.28481998175459	218508796833.0206
31.31239596204914	225171982911.5165
31.33997194234369	232037485053.9312
31.36754792263824	239111420611.8257
31.39512390293279	246400087511.2872
31.42269988322734	253909977147.945
31.45027586352189	261647786247.1875
31.47785184381644	269620401850.0714
31.50542782411099	277834918851.5717
31.53300380440554	286298649950.929
31.56057978470009	295019124009.6543
31.58815576499464	304004106033.7119
31.61573174528919	313261576372.8566
31.64330772558374	322799780381.3405
31.67088370587829	332627191534.066
31.69845968617284	342752549891.4444
31.72603566646739	353184844524.2483
31.75361164676194	363933345659.8291
31.78118762705649	375007610153.1257
31.80876360735104	386417468980.6161
31.83633958764559	398173054009.5064
31.86391556794014	410284800113.9742
31.89149154823469	422763460368.4136
31.91906752852924	435620101491.4058
31.94664350882379	448866135792.033
31.97421948911834	462513313292.6207
32.00179546941289	476573729951.5657
32.02937144970744	491059863076.3174
32.05694743000199	505984553383.5522
32.08452341029654	521361018303.6562
32.11209939059109	537202886285.9525
32.13967537088564	553524197391.9208
32.16725135118019	570339406259.7828
32.19482733147474	587663403628.5519
32.22240331176929	605511526315.4113
0
1000	105.6583745	100000000000000.1
5	0	0	1
5	0	0	0
4.673998997513734	-2.827764003450656e-09
4.701574977808284	-2.950332118977446e-09
4.729150958102834	-2.471879526095842e-09
4.756726938397384	-1.5912036220368e-09
4.784302918691934	-5.333909883422528e-10
4.811878898986484	-1.896485367748546e-10
4.839454879281035	-6.17345448527885e-10
4.867030859575585	-1.093841099691523e-09
4.894606839870135	-1.602644427598902e-09
4.922182820164685	-2.130079268535763e-09
4.949758800459235	-2.665110021060374e-09
4.977334780753785	-3.199042672709107e-09
5.004910761048335	-3.7251946206546e-09
5.032486741342885	-4.23857690530834e-09
5.060062721637435	-4.735607039315445e-09
5.087638701931986	-5.500942955592845e-09
5.115214682226536	-6.466744525993565e-09
5.142790662521086	-7.291177309917958e-09
5.170366642815636	-7.946768453941128e-09
5.197942623110186	-8.420533362504708e-09
5.225518603404736	-8.715231245641687e-09
5.253094583699286	-8.850346313683171e-09
5.280670563993836	-8.862842155214035e-09
5.308246544288386	-8.807727044379708e-09
5.335822524582936	-8.758460105030907e-09
5.363398504877487	-8.908611315636049e-09
5.390974485172037	-9.188496096670775e-09
5.418550465466587	-9.685380362724448e-09
5.446126445761137	-1.07790282255745e-08
5.473702426055687	-1.252658796558779e-08
5.501278406350237	-1.025074182446215e-08
5.528854386644787	-1.047936202788634e-08
5.556430366939337	-1.090980679675141e-08
5.584006347233887	-2.156001636101126e-08
5.611582327528438	-3.513055894293939e-08
5.639158307822988	-5.160117885083412e-08
5.666734288117538	-7.08837501349367e-08
5.694310268412088	-9.282180822849657e-08
5.721886248706638	-1.171906437088298e-07
5.749462229001188	-1.436976529922549e-07
5.777038209295738	-3.138150811857095e-07
5.804614189590288	-3.311450216408907e-07
5.832190169884838	-3.371695398273446e-07
5.859766150179389	-3.325145001804526e-07
5.887342130473939	-3.183862440768304e-07
5.914918110768489	-3.177482413266706e-07
5.942494091063039	-3.347871472725982e-07
5.970070071357589	-3.493063572615884e-07
5.997646051652139	-3.61292974267466e-07
6.025222031946689	-3.707969630194007e-07
6.052798012241239	-7.520570447082945e-07
6.080373992535789	-7.021537938696115e-07
6.107949972830339	-6.240054116583889e-07
6.13552595312489	-5.289312187819488e-07
6.16310193341944	-4.312864375326865e-07
6.19067791371399	-3.894693715510081e-07
6.21825389400854	-3.947959834076104e-07
6.24582987430309	-4.001948143486648e-07
6.27340585459764	-4.133819064682557e-07
6.30098183489219	-6.233496968606821e-07
6.32855781518674	-4.208052186975902e-07
6.35613379548129	-4.266531657863954e-07
6.383709775775841	-4.841867425835816e-07
6.411285756070391	-2.093687383879233e-06
6.438861736364941	-4.152227572780373e-06
6.466437716659491	-6.677443405303286e-06
6.494013696954041	-9.652774361858129e-06
6.521589677248591	-1.30661553395353e-05
6.549165657543141	-1.689814024921889e-05
6.576741637837691	-2.112198209507792e-05
6.604317618132241	-2.789805182688137e-05
6.631893598426791	-3.259772365772876e-05
6.659469578721342	-3.738153738389646e-05
6.687045559015892	-4.221418668064025e-05
6.714621539310442	-4.706274586984871e-05
6.742197519604992	-5.189660054920336e-05
6.769773499899542	-5.668747608331528e-05
6.797349480194092	-6.140939397462661e-05
6.824925460488642	-6.603865433793103e-05
6.852501440783192	-7.055381375824854e-05
6.880077421077742	-7.486245199579606e-05
6.907653401372293	-7.910063469304515e-05
6.935229381666843	-8.317984841105826e-05
6.962805361961393	-8.708678601112756e-05
6.990381342255943	-9.080997522855638e-05
7.017957322550493	-9.433975915284063e-05
7.045533302845043	-9.766827692062598e-05
7.073109283139593	-0.0001007894446749968
7.100685263434143	-0.0001036989368350491
7.128261243728693	-0.0001063941677113859
7.155837224023244	-0.000108597713286001
7.183413204317794	-0.000110888612689192
7.210989184612344	-0.0001129909920453995
7.238565164906894	-0.0001149065473647037
7.266141145201444	-0.0001166374631028203
7.293717125495994	-0.0001181864069497395
7.321293105790544	-0.0001195565248280312
7.348869086085094	-0.0001207514360903226
7.376445066379644	-0.0001217752289060825
7.404021046674194	-0.0001226324558284226
7.431597026968745	-0.0001232201851424064
7.459173007263295	-0.0001237695604172607
7.486748987557845	-0.0001241778420336041
7.514324967852395	-0.0001244504235801767
7.541900948146945	-0.0001245926884023266
7.569476928441495	-0.0001246100100834706
7.597052908736045	-0.0001245077529461887
7.624628889030595	-0.0001242912725679527
7.652204869325145	-0.000123965916307275
7.679780849619696	-0.0001235370238367271
7.707356829914246	-0.0001229762667608394
7.734932810208796	-0.0001223593541735765
7.762508790503346	-0.000121657707410521
7.790084770797896	-0.0001208763351619946
7.817660751092446	-0.0001200201001249174
7.845236731386996	-0.000119093720758529
7.872812711681546	-0.0001181017729757389
7.900388691976096	-0.0001170486917755644
7.927964672270646	-0.0001159387728209146
7.955540652565197	-0.0001147761739650161
7.983116632859747	-0.0001135671781452941
8.010692613154298	-0.0001123108176875741
8.038268593448848	-0.0001110132163464523
8.065844573743398	-0.0001096779890905583
8.093420554037948	-0.0001083086035016126
8.120996534332498	-0.0001069082979384296
8.148572514627048	-0.000105479209884176
8.176148494921598	-0.0001040354243304608
8.203724475216148	-0.0001025591345505083
8.231300455510699	-0.0001010675061285357
8.258876435805249	-9.955516643994145e-05
8.286452416099799	-9.803634083669607e-05
8.314028396394349	-9.650769398090274e-05
8.341604376688899	-9.497165357251644e-05
8.369180356983449	-9.343051753571883e-05
8.396756337277999	-9.188645513120187e-05
8.424332317572549	-9.034150803811512e-05
8.451908297867099	-8.879759140752982e-05
8.47948427816165	-8.725649488896868e-05
8.5070602584562	-8.571988363132027e-05
8.53463623875075	-8.419880538801992e-05
8.5622122190453	-8.267483835100135e-05
8.58978819933985	-8.11587944042645e-05
8.6173641796344	-7.965193951157237e-05
8.64494015992895	-7.815545880411444e-05
8.6725161402235	-7.667045828488522e-05
8.70009212051805	-7.519796581551162e-05
8.7276681008126	-7.373893185761389e-05
8.755244081107151	-7.229423011161587e-05
8.782820061401701	-7.086465810448684e-05
8.810396041696251	-6.985696072785562e-05
8.837972021990801	-6.842310233499014e-05
8.865548002285351	-6.69721296351369e-05
8.893123982579901	-6.55081694682696e-05
8.920699962874451	-6.403699759155405e-05
8.948275943169001	-6.256602765191434e-05
8.975851923463551	-6.1104300247016e-05
9.003427903758102	-5.966247204140654e-05
9.031003884052652	-5.825280489158089e-05
9.058579864347202	-5.688915491242891e-05
9.086155844641752	-5.403653042567622e-05
9.113731824936302	-5.300595880996847e-05
9.141307805230852	-5.217597076915605e-05
9.168883785525402	-5.153944258539046e-05
9.196459765819952	-5.111294376010307e-05
9.224035746114502	-5.090121971394619e-05
9.251611726409052	-5.090388757052289e-05
9.279187706703603	-5.111626809056199e-05
9.306763686998153	-5.152969046021262e-05
9.334339667292703	-5.213163407616453e-05
9.361915647587253	-5.423692831255547e-05
9.389491627881803	-5.504475180113281e-05
9.417067608176353	-5.586830789533669e-05
9.444643588470903	-5.669173915289158e-05
9.472219568765453	-5.750124877123701e-05
9.499795549060003	-5.828509675448869e-05
9.527371529354554	-5.903359624289756e-05
9.554947509649104	-5.97391100002816e-05
9.582523489943654	-6.039604704680721e-05
9.610099470238204	-6.100085942062073e-05
9.637675450532754	-6.108006599267498e-05
9.665251430827304	-6.162028148487016e-05
9.692827411121854	-6.214986808014908e-05
9.720403391416404	-6.266931064619583e-05
9.747979371710954	-6.317908977185695e-05
9.775555352005505	-6.367967581805957e-05
9.803131332300055	-6.417150252364885e-05
9.830707312594605	-6.465473025653839e-05
9.858283292889155	-6.513477287005092e-05
9.885859273183705	-6.56012208525661e-05
9.913435253478255	-6.606237067425867e-05
9.941011233772805	-6.651826922486586e-05
9.968587214067355	-6.696840720488854e-05
9.996163194361905	-6.741326010067803e-05
10.02373917465646	-6.785330122982601e-05
10.05131515495101	-6.828900174265932e-05
10.07889113524556	-6.872083062170594e-05
10.10646711554011	-6.914925467901868e-05
10.13404309583466	-6.957473855119192e-05
10.16161907612921	-6.999774469184774e-05
10.18919505642376	-7.041877137827801e-05
10.21677103671831	-7.083819799540923e-05
10.24434701701286	-7.12565175738291e-05
10.27192299730741	-7.167418378599953e-05
10.29949897760196	-7.209164820117334e-05
10.32707495789651	-7.250936027720803e-05
10.35465093819106	-7.292776735167443e-05
10.38222691848561	-7.334731463227332e-05
10.40980289878016	-7.376844518656754e-05
10.43737887907471	-7.419159993103288e-05
10.46495485936926	-7.461713980120099e-05
10.49253083966381	-7.504566396878106e-05
10.52010681995836	-7.547752863555185e-05
10.54768280025291	-7.59131653020222e-05
10.57525878054746	-7.635300291345147e-05
10.60283476084201	-7.67974678471667e-05
10.63041074113656	-7.724698389993924e-05
10.65798672143111	-7.770197227543538e-05
10.68556270172566	-7.816285157175742e-05
10.71313868202021	-7.863003776908847e-05
10.74071466231476	-7.910381903320481e-05
10.76829064260931	-7.958486728365039e-05
10.79586662290386	-8.007346527301177e-05
10.82344260319841	-8.057001736851465e-05
10.85101858349296	-8.107492469646244e-05
10.87859456378751	-8.158858512716432e-05
10.90617054408206	-8.211139326095496e-05
10.93374652437661	-8.264374041525028e-05
10.96132250467116	-8.318601461258986e-05
10.98889848496571	-8.373860056962314e-05
11.01647446526026	-8.430166496250268e-05
11.04405044555481	-8.487603374609895e-05
11.07162642584936	-8.546186698192675e-05
11.09920240614391	-8.605953434999315e-05
11.12677838643846	-8.666940120372943e-05
11.15435436673301	-8.729182855712143e-05
11.18193034702756	-8.792717307412211e-05
11.20950632732211	-8.857578706008087e-05
11.23708230761666	-8.923801845496697e-05
11.26465828791121	-8.991421082819936e-05
11.29223426820576	-9.060462888413871e-05
11.31981024850031	-9.130976320059544e-05
11.34738622879486	-9.202986919461804e-05
11.37496220908941	-9.27652722544643e-05
11.40253818938396	-9.35162930805484e-05
11.43011416967851	-9.428324768933968e-05
11.45769014997306	-9.506644741785038e-05
11.48526613026761	-9.586619892868951e-05
11.51284211056216	-9.668280421566199e-05
11.54041809085671	-9.751656060989193e-05
11.56799407115126	-9.836759138329355e-05
11.59557005144581	-9.923653850963978e-05
11.62314603174036	-0.0001001235151473682
11.65072201203491	-0.000101028798569795
11.67829799232946	-0.0001019526606983689
11.70587397262401	-0.000102895368112999
11.73344995291856	-0.0001038571820627429
11.76102593321311	-0.0001048383584768374
11.78860191350766	-0.0001058391479760551
11.81617789380221	-0.0001068597958843705
11.84375387409676	-0.0001079004589686015
11.87132985439131	-0.0001089615460050557
11.89890583468586	-0.0001100432027920101
11.92648181498041	-0.000111145652856855
11.95405779527496	-0.0001122691141367115
11.98163377556951	-0.0001134137989927434
12.00920975586406	-0.0001145799142246202
12.03678573615861	-0.0001157676610851165
12.06436171645316	-0.0001169772352948398
12.09193769674771	-0.0001182088270570732
12.11951367704226	-0.0001194627384560852
12.14708965733681	-0.0001207389035798013
12.17466563763136	-0.0001220376139348384
12.20224161792591	-0.0001233590388017233
12.22981759822046	-0.0001247033425326103
12.25739357851501	-0.0001260706845674281
12.28496955880956	-0.0001274612194498133
12.31254553910411	-0.0001288750968428544
12.34012151939866	-0.0001303124615446649
12.36769749969321	-0.0001317734535038025
12.39527347998776	-0.0001332583204241879
12.42284946028231	-0.0001347669581822146
12.45042544057686	-0.0001362996042082854
12.47800142087141	-0.000137856380045462
12.50557740116597	-0.0001394374030106084
12.53315338146052	-0.0001410427862117904
12.56072936175507	-0.0001426726385645369
12.58830534204962	-0.0001443270648072417
12.61588132234417	-0.0001460061655159081
12.64345730263872	-0.0001477100371183809
12.67103328293327	-0.000149438951251336
12.69860926322782	-0.0001511926217605707
12.72618524352237	-0.0001529713124418413
12.75376122381692	-0.0001547751046860573
12.78133720411147	-0.0001566040765480065
12.80891318440602	-0.0001584583027622331
12.83648916470057	-0.0001603378547621474
12.86406514499512	-0.0001622428007048687
12.89164112528967	-0.0001641732055067592
12.91921710558422	-0.0001661291309001652
12.94679308587877	-0.0001681108633320611
12.97436906617332	-0.0001701179955796026
13.00194504646787	-0.0001721507971823983
13.02952102676242	-0.0001742093173645716
13.05709700705697	-0.0001762936027531702
13.08467298735152	-0.0001784036973820846
13.11224896764607	-0.000180539642695422
13.13982494794062	-0.0001827014775503407
13.16740092823517	-0.0001848892382193229
13.19497690852972	-0.0001871029583918446
13.22255288882427	-0.000189342807821596
13.25012886911882	-0.0001916085256217501
13.27770484941337	-0.0001939002766893695
13.30528082970792	-0.000196218085517035
13.33285681000247	-0.0001985619746161388
13.36043279029702	-0.0002009319645203386
13.38800877059157	-0.0002033280737888683
13.41558475088612	-0.0002057503190097019
13.44316073118067	-0.0002081987148025697
13.47073671147522	-0.0002106732738218262
13.49831269176977	-0.0002131741182452462
13.52588867206432	-0.0002157010231356716
13.55346465235887	-0.0002182540848858958
13.58104063265342	-0.0002208333832446359
13.60861661294797	-0.0002234388435959683
13.63619259324252	-0.0002260704974102208
13.66376857353707	-0.0002287283455942113
13.69134455383162	-0.0002314123879761086
13.71892053412617	-0.000234122622986455
13.74649651442072	-0.0002368590476174078
13.77407249471527	-0.0002396217467810175
13.80164847500982	-0.0002424105280273524
13.82922445530437	-0.0002452254735185399
13.85680043559892	-0.0002480665752715687
13.88437641589347	-0.0002509338242286558
13.91195239618802	-0.0002538272102715506
13.93952837648257	-0.000256746722227477
13.96710435677712	-0.0002596923478726946
13.99468033707167	-0.000262664073935212
14.02225631736622	-0.0002656618860971369
14.04983229766077	-0.0002686858311186923
14.07740827795532	-0.0002717357628148946
14.10498425824987	-0.0002748117261459603
14.13256023854442	-0.0002779137031703372
14.16013621883897	-0.0002810416751782283
14.18771219913352	-0.0002841956226931315
14.21528817942807	-0.0002873755254733584
14.24286415972262	-0.0002905813625135301
14.27044014001717	-0.0002938131120460527
14.29801612031172	-0.0002970707515425718
14.32559210060627	-0.0003003543202891889
14.35316808090082	-0.0003036636630723263
14.38074406119537	-0.000306998818729502
14.40832004148992	-0.0003103597621157976
14.43589602178447	-0.0003137464676754332
14.46347200207902	-0.000317158909385943
14.49104798237357	-0.0003205970607443736
14.51862396266812	-0.0003240608947631608
14.54619994296267	-0.0003275503839689696
14.57377592325722	-0.0003310655004026253
14.60135190355177	-0.0003346062660668841
14.62892788384632	-0.0003381725466229837
14.65650386414087	-0.000341764363357844
14.68407984443542	-0.0003453816868153645
14.71165582472997	-0.0003490244872729747
14.73923180502452	-0.0003526927347419673
14.76680778531907	-0.000356386398967825
14.79438376561362	-0.0003601054494305438
14.82195974590817	-0.0003638498553449531
14.84953572620272	-0.0003676195856610329
14.87711170649727	-0.0003714146396722159
14.90468768679182	-0.0003752349218462782
14.93226366708637	-0.0003790804310995481
14.95983964738092	-0.0003829511355933394
14.98741562767547	-0.0003868470033569821
15.01499160797002	-0.0003907680022878111
15.04256758826457	-0.0003947141001511499
15.07014356855912	-0.0003986852645802979
15.09771954885368	-0.0004026814630765163
15.12529552914823	-0.0004067026630090147
15.15287150944278	-0.0004107488547866304
15.18044748973733	-0.0004148199566122789
15.20802347003188	-0.0004189159596067627
15.23559945032643	-0.0004230368306756781
15.26317543062098	-0.0004271825367530162
15.29075141091553	-0.0004313530447532805
15.31832739121008	-0.0004355483215573021
15.34590337150463	-0.0004397683340068748
15.37347935179918	-0.0004440130489023211
15.40105533209373	-0.0004482824330011995
15.42863131238828	-0.0004525764764804123
15.45620729268283	-0.0004568950969762585
15.48378327297738	-0.000461238284707073
15.51135925327193	-0.0004656060064589671
15.53893523356648	-0.0004699982290725731
15.56651121386103	-0.0004744149194425839
15.59408719415558	-0.0004788560445172817
15.62166317445013	-0.0004833215712980585
15.64923915474468	-0.0004878114668389208
15.67681513503923	-0.0004923256982459826
15.70439111533378	-0.0004968642373695753
15.73196709562833	-0.0005014270422320609
15.75954307592288	-0.0005060140836613701
15.78711905621743	-0.0005106253292823089
15.81469503651198	-0.0005152607466000754
15.84227101680653	-0.0005199203031531857
15.86984699710108	-0.0005246039665418389
15.89742297739563	-0.0005293117044355945
15.92499895769018	-0.0005340434845757706
15.95257493798473	-0.0005387992747761065
15.98015091827928	-0.0005435790439411556
16.00772689857383	-0.0005483827579171885
16.03530287886838	-0.0005532103857345963
16.06287885916293	-0.0005580618955001173
16.09045483945748	-0.000562937255396251
16.11803081975203	-0.0005678364336807675
16.14560680004658	-0.0005727593986862076
16.17318278034113	-0.0005777061188193764
16.20075876063568	-0.0005826765625608299
16.22833474093023	-0.0005876706984643538
16.25591072122478	-0.0005926884984519866
16.28348670151933	-0.0005977299242967562
16.31106268181388	-0.000602794948145217
16.33863866210843	-0.0006078835388659477
16.36621464240298	-0.0006129956654100626
16.39379062269753	-0.0006181312968112527
16.42136660299208	-0.0006232904021856838
16.44894258328663	-0.0006284729507318179
16.47651856358118	-0.0006336789117301984
16.50409454387573	-0.0006389082545432168
16.53167052417028	-0.0006441609445244562
16.55924650446483	-0.0006494369597334325
16.58682248475938	-0.000654736265684232
16.61439846505393	-0.0006600588320304395
16.64197444534848	-0.0006654046284876244
16.66955042564303	-0.0006707736248330961
16.69712640593758	-0.000676165790905692
16.72470238623213	-0.0006815810966055998
16.75227836652668	-0.0006870195118942033
16.77985434682123	-0.0006924810067939574
16.80743032711578	-0.0006979655246733846
16.83500630741033	-0.0007034731463164809
16.86258228770488	-0.000709003680816246
16.89015826799943	-0.0007145571901253291
16.91773424829398	-0.0007201336320213005
16.94531022858853	-0.0007257329755413493
16.97288620888308	-0.000731355190848539
17.00046218917763	-0.0007370002484296585
17.02803816947218	-0.0007426681189334831
17.05561414976673	-0.0007483587731230404
17.08319013006128	-0.0007540721757847451
17.11076611035583	-0.0007598083104700671
17.13834209065038	-0.0007655671422434892
17.16591807094493	-0.0007713486421772277
17.19349405123948	-0.0007771527813943801
17.22107003153403	-0.0007829795310692541
17.24864601182858	-0.0007888288624277205
17.27622199212313	-0.0007947007467475948
17.30379797241768	-0.0008005951553590401
17.33137395271223	-0.0008065120596450023
17.35894993300678	-0.0008124514353921798
17.38652591330133	-0.0008184132449133073
17.41410189359588	-0.0008243974642009977
17.44167787389043	-0.0008304040649346093
17.46925385418498	-0.0008364330189351763
17.49682983447953	-0.0008424842983139568
17.52440581477408	-0.0008485578762994174
17.55198179506863	-0.0008546537441950407
17.57955777536318	-0.0008607717814744058
17.60713375565773	-0.00086691208633595
17.63470973595228	-0.0008730745733117547
17.66228571624683	-0.000879259213211255
17.68986169654139	-0.0008854659830796377
17.71743767683594	-0.0008916948551951807
17.74501365713049	-0.000897945801876596
17.77258963742504	-0.0009042187954830654
17.80016561771959	-0.0009105138084141539
17.82774159801414	-0.000916830813109603
17.85531757830869	-0.0009231697820489702
17.88289355860324	-0.0009295306877510992
17.91046953889779	-0.0009359135125083687
17.93804551919234	-0.0009423182086535247
17.96562149948689	-0.0009487447584968746
17.99319747978144	-0.0009551931347657256
18.02077346007599	-0.0009616633102635409
18.04834944037054	-0.000968155257869945
18.07592542066509	-0.0009746689505407229
18.10350140095964	-0.0009812043613078283
18.13107738125419	-0.000987761463279423
18.15865336154874	-0.0009943402296400123
18.18622934184329	-0.001000940618728659
18.21380532213784	-0.001007562635139893
18.24138130243239	-0.001014206237216224
18.26895728272694	-0.001020871398292332
18.29653326302149	-0.001027558091708657
18.32410924331604	-0.001034266290811869
18.35168522361059	-0.001040995968955273
18.37926120390514	-0.001047747099499182
18.40683718419969	-0.001054519655811251
18.43441316449424	-0.001061313611266796
18.46198914478879	-0.001068128960358749
18.48956512508334	-0.001074965632381354
18.51714110537789	-0.001081823621934909
18.54471708567244	-0.00108870290260968
18.57229306596699	-0.001095603448095726
18.59986904626154	-0.001102525232183164
18.62744502655609	-0.001109468228762454
18.65502100685064	-0.001116432411824703
18.68259698714519	-0.001123417755461993
18.71017296743974	-0.001130424233867755
18.73774894773429	-0.001137451796205872
18.76532492802884	-0.001144500468778402
18.79290090832339	-0.001151570201150203
18.82047688861794	-0.001158660967390152
18.84805286891249	-0.00116577271702642
18.87562884920704	-0.001172905504521358
18.90320482950159	-0.001180059219894207
18.93078080979614	-0.001187233867656643
18.95835679009069	-0.001194429421803119
18.98593277038524	-0.001201645856652272
19.01350875067979	-0.001208883167818634
19.04108473097434	-0.001216141285737017
19.06866071126889	-0.001223420206049962
19.09623669156344	-0.001230719903474473
19.12381267185799	-0.001238040355915165
19.15138865215254	-0.001245381524880635
19.17896463244709	-0.001252743401397493
19.20654061274164	-0.001260125953324267
19.23411659303619	-0.001267529155985639
19.26169257333074	-0.001274952984465215
19.28926855362529	-0.001282397400465556
19.31684453391984	-0.001289862405573472
19.34442051421439	-0.001297347959628443
19.37199649450894	-0.001304854071422555
19.39957247480349	-0.001312380645196363
19.42714845509804	-0.001319927709704247
19.45472443539259	-0.001327495228631332
19.48230041568714	-0.001335083176597426
19.50987639598169	-0.001342691528839662
19.53745237627624	-0.001350320260746708
19.56502835657079	-0.001357969334428151
19.59260433686534	-0.001365638753175771
19.62018031715989	-0.001373328479267587
19.64775629745444	-0.001381038488152986
19.67533227774899	-0.001388768755244867
19.70290825804354	-0.001396519255917893
19.73048423833809	-0.001404289965506542
19.75806021863264	-0.001412080859302976
19.78563619892719	-0.001419891912554707
19.81321217922174	-0.001427723100462065
19.84078815951629	-0.001435574407733015
19.86836413981084	-0.001443445789512974
19.89594012010539	-0.001451337230425644
19.92351610039994	-0.001459248705530339
19.95109208069449	-0.001467180189862877
19.97866806098904	-0.001475131658430709
20.00624404128359	-0.001483103086206388
20.03382002157814	-0.001491094448116457
20.06139600187269	-0.001499105719013715
20.08897198216724	-0.001507136873556561
20.11654796246179	-0.001515187879432963
20.14412394275634	-0.00152325872778453
20.17169992305089	-0.001531349385174723
20.19927590334544	-0.001539459826155688
20.22685188363999	-0.001547590025168137
20.25442786393454	-0.001555739956535421
20.2820038442291	-0.00156390959445738
20.30957982452365	-0.001572098913003991
20.3371558048182	-0.00158030788610882
20.36473178511275	-0.001588536487562289
20.3923077654073	-0.001596784673171545
20.41988374570185	-0.001605052453643325
20.4474597259964	-0.001613339784418089
20.47503570629095	-0.001621646638504281
20.5026116865855	-0.001629972988664855
20.53018766688005	-0.001638318807417889
20.5577636471746	-0.00164668406704898
20.58533962746915	-0.001655068739664655
20.6129156077637	-0.00166347279744533
20.64049158805825	-0.001671896214820609
20.6680675683528	-0.001680338982838588
20.69564354864735	-0.00168880101767408
20.7232195289419	-0.001697282327621706
20.75079550923645	-0.001705782837572523
20.778371489531	-0.00171430258190909
20.80594746982555	-0.001722841498649105
20.8335234501201	-0.001731399560748506
20.86109943041465	-0.001739976738460841
20.8886754107092	-0.001748573001573035
20.91625139100375	-0.001757188319627028
20.9438273712983	-0.001765822671219344
20.97140335159285	-0.001774476006291512
20.9989793318874	-0.001783148302966522
21.02655531218195	-0.001791839530137371
21.0541312924765	-0.001800549656580035
21.08170727277105	-0.00180927865095906
21.1092832530656	-0.001818026481834267
21.13685923336015	-0.001826793117668586
21.1644352136547	-0.001835578526837059
21.19201119394925	-0.00184438267763698
21.2195871742438	-0.001853205588341205
21.24716315453835	-0.001862047122579298
21.2747391348329	-0.001870907298756698
21.30231511512745	-0.001879786085420708
21.329891095422	-0.001888683451325084
21.35746707571655	-0.001897599365445741
21.3850430560111	-0.001906533796997038
21.41261903630565	-0.001915486715448534
21.4401950166002	-0.001924458090542114
21.46777099689475	-0.001933447892309319
21.4953469771893	-0.001942456111747973
21.52292295748385	-0.001951482676393803
21.5504989377784	-0.001960527577974031
21.57807491807295	-0.001969590788011372
21.6056508983675	-0.001978672278464079
21.63322687866205	-0.001987772021694829
21.6608028589566	-0.001996889990310789
21.68837883925115	-0.002006026156130825
21.7159548195457	-0.002015180458601324
21.74353079984025	-0.002024353011886502
21.7711067801348	-0.002033543657064629
21.79868276042935	-0.002042752366154093
21.8262587407239	-0.00205197914733035
21.85383472101845	-0.00206122397797152
21.881410701313	-0.002070486836165876
21.90898668160755	-0.002079767700693558
21.9365626619021	-0.002089066551009323
21.96413864219665	-0.002098383367225563
21.9917146224912	-0.002107718130095368
22.01929060278575	-0.002117070820995601
22.0468665830803	-0.002126441374979732
22.07444256337485	-0.002135829871612111
22.1020185436694	-0.002145236248408232
22.12959452396395	-0.002154660488871431
22.1571705042585	-0.002164102576762555
22.18474648455305	-0.002173562496074136
22.2123224648476	-0.002183040231007592
22.23989844514215	-0.002192535765953089
22.2674744254367	-0.00220204908547173
22.29505040573125	-0.002211580174279799
22.3226263860258	-0.002221128978683394
22.35020236632035	-0.002230695565154052
22.3777783466149	-0.002240279879031981
22.40535432690945	-0.002249881904951121
22.432930307204	-0.002259501627051789
22.46050628749855	-0.002269139012176816
22.4880822677931	-0.002278794109316499
22.51565824808765	-0.002288466829496525
22.5432342283822	-0.002298157186274339
22.57081020867675	-0.002307865163101327
22.5983861889713	-0.002317590745740753
22.62596216926585	-0.002327333915385105
22.6535381495604	-0.002337094657527961
22.68111412985495	-0.002346872956459538
22.7086901101495	-0.002356668796404412
22.73626609044405	-0.002366482161515548
22.7638420707386	-0.002376313035868978
22.79141805103315	-0.002386161403459088
22.8189940313277	-0.002396027248194458
22.84657001162225	-0.002405910553894229
22.87414599191681	-0.002415811305101518
22.90172197221136	-0.002425729483649939
22.92929795250591	-0.002435665074011459
22.95687393280046	-0.002445618059656936
22.98444991309501	-0.002455588423963248
23.01202589338956	-0.002465576150212521
23.03960187368411	-0.002475581221592269
23.06717785397866	-0.002485603621197049
23.09475383427321	-0.002495643332033062
23.12232981456776	-0.002505700337029825
23.14990579486231	-0.002515774590135873
23.17748177515686	-0.0025258661373284
23.20505775545141	-0.002535974923536399
23.23263373574596	-0.002546100933217412
23.26020971604051	-0.00255624414936915
23.28778569633506	-0.002566404554523255
23.31536167662961	-0.002576582130978451
23.34293765692416	-0.002586776860875872
23.37051363721871	-0.002596988726228979
23.39808961751326	-0.002607217708937421
23.42566559780781	-0.002617463789211578
23.45324157810236	-0.00262772695214991
23.48081755839691	-0.002638007177603213
23.50839353869146	-0.00264830444704186
23.53596951898601	-0.002658618741841941
23.56354549928056	-0.002668950043286275
23.59112147957511	-0.002679298332565412
23.61869745986966	-0.002689663590778648
23.64627344016421	-0.002700045798935036
23.67384942045876	-0.002710444937954385
23.70142540075331	-0.002720861010151636
23.72900138104786	-0.002731293951106854
23.75657736134241	-0.002741743763394938
23.78415334163696	-0.002752210427885516
23.81172932193151	-0.002762693925501422
23.83930530222606	-0.002773194237249745
23.86688128252061	-0.002783711344293823
23.89445726281516	-0.002794245228149785
23.92203324310971	-0.002804795871366317
23.94960922340426	-0.002815363261051721
23.97718520369881	-0.002825947267195322
24.00476118399336	-0.002836548061232427
24.03233716428791	-0.002847165539156404
24.05991314458246	-0.002857799681652656
24.08748912487701	-0.002868450469284247
24.11506510517156	-0.002879117882487674
24.14264108546611	-0.002889801901570844
24.17021706576066	-0.002900502506712172
24.19779304605521	-0.002911219677960329
24.22536902634976	-0.00292195339523434
24.25294500664431	-0.002932703691432613
24.28052098693886	-0.002943470435287217
24.30809696723341	-0.002954253659645353
24.33567294752796	-0.00296505334436933
24.36324892782251	-0.002975869469424929
24.39082490811706	-0.002986702014881613
24.41840088841161	-0.00299755096091272
24.44597686870616	-0.003008416287795652
24.47355284900071	-0.003019297975912032
24.50112882929526	-0.003030196005747856
24.52870480958981	-0.003041110330183382
24.55628078988436	-0.003052040987805341
24.58385677017891	-0.003062987931576393
24.61143275047346	-0.00307395114216096
24.63900873076801	-0.003084930600209217
24.66658471106256	-0.003095926286357248
24.69416069135711	-0.00310693818122718
24.72173667165166	-0.003117966265427277
24.74931265194621	-0.003129010519552003
24.77688863224076	-0.003140070924182032
24.80446461253531	-0.003151147450188283
24.83204059282986	-0.003162240097850899
24.85961657312441	-0.003173348838538704
24.88719255341896	-0.003184473652916945
24.91476853371351	-0.003195614521801069
24.94234451400806	-0.003206771426536183
24.96992049430261	-0.003217944350901181
24.99749647459716	-0.003229133306219135
25.02507245489171	-0.003240338059744065
25.05264843518626	-0.003251558943918293
25.08022441548081	-0.003262795764394399
25.10780039577536	-0.003274048453790442
25.13537637606991	-0.003285317037565592
25.16295235636446	-0.003296601496027698
25.19052833665901	-0.003307901809545559
25.21810431695356	-0.003319217958548284
25.24568029724811	-0.003330549923524862
25.27325627754266	-0.003341897685023826
25.30083225783721	-0.003353261223653039
25.32840823813176	-0.003364640520079509
25.35598421842631	-0.003376035564403105
25.38356019872086	-0.003387446317824039
25.41113617901541	-0.003398872770603671
25.43871215930996	-0.003410314903726632
25.46628813960452	-0.003421772698276769
25.49386411989907	-0.003433246135436893
25.52144010019362	-0.003444735196488496
25.54901608048817	-0.003456239862811411
25.57659206078272	-0.003467760115883396
25.60416804107727	-0.003479295937279634
25.63174402137182	-0.003490847270924318
25.65932000166637	-0.003502414174306242
25.68689598196092	-0.003513996593412949
25.71447196225547	-0.003525594509535488
25.74204794255002	-0.00353720789861484
25.76962392284457	-0.003548836770827743
25.79719990313912	-0.003560481068167307
25.82477588343367	-0.003572140791957994
25.85235186372822	-0.003583815922045561
25.87992784402277	-0.003595506439754386
25.90750382431732	-0.003607212372920319
25.93507980461187	-0.003618933605221965
25.96265578490642	-0.003630670166288716
25.99023176520097	-0.003642422037946547
26.01780774549552	-0.003654189202178256
26.04538372579007	-0.003665971641122179
26.07295970608462	-0.003677769337071224
26.10053568637917	-0.003689582272472142
26.12811166667372	-0.003701410429924913
26.15568764696827	-0.003713253792182241
26.18326362726282	-0.003725112282898853
26.21083960755737	-0.003736986008932824
26.23841558785192	-0.003748874893947292
26.26599156814647	-0.003760778920784072
26.29356754844102	-0.003772698072181955
26.32114352873557	-0.003784632330776924
26.34871950903012	-0.003796581679102366
26.37629548932467	-0.003808546099589307
26.40387146961922	-0.003820525574566602
26.43144744991377	-0.003832520086261173
26.45902343020832	-0.003844529665611351
26.48659941050287	-0.003856554192638607
26.51417539079742	-0.003868593698331793
26.54175137109197	-0.003880648164942868
26.56932735138652	-0.003892717574833109
26.59690333168107	-0.003904801910472682
26.62447931197562	-0.00391690115444008
26.65205529227017	-0.003929015289421334
26.67963127256472	-0.003941144298208816
26.70720725285927	-0.003953288163699267
26.73478323315382	-0.00396544685701294
26.76235921344837	-0.00397762042038448
26.78993519374292	-0.003989808753585519
26.81751117403747	-0.00400201186962387
26.84508715433202	-0.004014229754891277
26.87266313462657	-0.004026462394287703
26.90023911492112	-0.004038709772622911
26.92781509521567	-0.004050971874874186
26.95539107551022	-0.004063248686258559
26.98296705580477	-0.004075540192258391
27.01054303609932	-0.004087846221186695
27.03811901639387	-0.00410016708811917
27.06569499668842	-0.004112502621052602
27.09327097698297	-0.004124852805212091
27.12084695727752	-0.004137217625436373
27.14842293757207	-0.004149597066178445
27.17599891786662	-0.004161991111506139
27.20357489816117	-0.004174399745102705
27.23115087845572	-0.00418682295026734
27.25872685875027	-0.004199260709915708
27.28630283904482	-0.004211713171715265
27.31387881933937	-0.004224179972386852
27.34145479963392	-0.004236661260082261
27.36903077992847	-0.00424915701779713
27.39660676022302	-0.004261667228971055
27.42418274051757	-0.004274191877631337
27.45175872081212	-0.004286730948884243
27.47933470110667	-0.004299284431383875
27.50691068140122	-0.004311852349892929
27.53448666169577	-0.004324434412958519
27.56206264199032	-0.004337031012586748
27.58963862228487	-0.004349641957903301
27.61721460257942	-0.004362267240238398
27.64479058287397	-0.004374906845277088
27.67236656316852	-0.004387560758727926
27.69994254346307	-0.004400228966326948
27.72751852375762	-0.004412911453839455
27.75509450405217	-0.00442560820706091
27.78267048434672	-0.004438319211817378
27.81024646464127	-0.00445104445396577
27.83782244493582	-0.004463783865934596
27.86539842523037	-0.004476537545324765
27.89297440552492	-0.004489305424389657
27.92055038581947	-0.004502087488645328
27.94812636611402	-0.004514883723408332
27.97570234640857	-0.004527694113796248
28.00327832670312	-0.004540518644728151
28.03085430699767	-0.004553357300925081
28.05843028729223	-0.00456621006691048
28.08600626758678	-0.004579076927010601
28.11358224788133	-0.004591957984641177
28.14115822817588	-0.00460485297450705
28.16873420847043	-0.004617762000202767
28.19631018876498	-0.00463068504630919
28.22388616905953	-0.004643622097724204
28.25146214935408	-0.004656573139662165
28.27903812964863	-0.004669538157653375
28.30661410994318	-0.004682517137543562
28.33419009023773	-0.004695510065493424
28.36176607053228	-0.004708516927978198
28.38934205082683	-0.004721537636625513
28.41691803112138	-0.004734572332194462
28.44449401141593	-0.004747620921111758
28.47206999171048	-0.004760683446827052
28.49964597200503	-0.004773759796899709
28.52722195229958	-0.004786850021732133
28.55479793259413	-0.004799954098275629
28.58237391288868	-0.004813072012650725
28.60994989318323	-0.004826203751735726
28.63752587347778	-0.004839349302585195
28.66510185377233	-0.004852508537301084
28.69267783406688	-0.00486568168354543
28.72025381436143	-0.00487886861257229
28.74782979465598	-0.004892069310586173
28.77540577495053	-0.004905283763305045
28.80298175524508	-0.004918511955963252
28.83055773553963	-0.004931753873313302
28.85813371583418	-0.004945009499627164
28.88570969612873	-0.004958278818697352
28.91328567642328	-0.004971561813837919
28.94086165671783	-0.004984858734816508
28.96843763701238	-0.004998169006295329
28.99601361730693	-0.005011492878352224
29.02358959760148	-0.005024830334722246
29.05116557789603	-0.005038181359813957
29.07874155819058	-0.005051545938707893
29.10631753848513	-0.005064924057154975
29.13389351877968	-0.005078315701574885
29.16146949907423	-0.005091720859054354
29.18904547936878	-0.00510513951734539
29.21662145966333	-0.005118571364228379
29.24419743995788	-0.005132017016418617
29.27177342025243	-0.005145476162112461
29.29934940054698	-0.005158948789291681
29.32692538084153	-0.005172434885458751
29.35450136113608	-0.005185934437835714
29.38207734143063	-0.005199447434032997
29.40965332172518	-0.00521297386534457
29.43722930201973	-0.00522651376766228
29.46480528231428	-0.005240066745171838
29.49238126260883	-0.005253633742692733
29.51995724290338	-0.005267213696897405
29.54753322319793	-0.005280806955192468
29.57510920349248	-0.005294413511019335
29.60268518378703	-0.00530803335176317
29.63026116408158	-0.005321666464170557
29.65783714437613	-0.005335312835303071
29.68541312467068	-0.005348972452799143
29.71298910496523	-0.005362645304965811
29.74056508525978	-0.005376331380816168
29.76814106555433	-0.005390030397391905
29.79571704584888	-0.005403742915130168
29.82329302614343	-0.005417468650897897
29.85086900643798	-0.005431207594232494
29.87844498673253	-0.005444959734253367
29.90602096702708	-0.005458725059662665
29.93359694732163	-0.005472503558746012
29.96117292761618	-0.005486295219373254
29.98874890791073	-0.005500100028999194
30.01632488820528	-0.005513917974664316
30.04390086849983	-0.005527749059203626
30.07147684879438	-0.005541593234669241
30.09905282908893	-0.005555450503497398
30.12662880938348	-0.005569320851339723
30.15420478967803	-0.00558320426356541
30.18178076997258	-0.005597100725311432
30.20935675026713	-0.005611010221613792
30.23693273056168	-0.005624932737832152
30.26450871085623	-0.005638868261595972
30.29208469115078	-0.005652816802118018
30.31966067144533	-0.005666778540687359
30.34723665173988	-0.005680752927171582
30.37481263203443	-0.005694740219108121
30.40238861232898	-0.005708740401848935
30.42996459262353	-0.005722753461897432
30.45754057291808	-0.005736779386906808
30.48511655321263	-0.005750818165678321
30.51269253350718	-0.005764869788159513
30.54026851380173	-0.005778934245442399
30.56784449409628	-0.005793011529761605
30.59542047439083	-0.005807101056619314
30.62299645468539	-0.005821204027936239
30.65057243497994	-0.005835319858676606
30.67814841527449	-0.005849448540575523
30.70572439556904	-0.005863590064016047
30.73330037586359	-0.005877744418032283
30.76087635615814	-0.005891911590312915
30.78845233645269	-0.005906091567205392
30.81602831674724	-0.005920284333721432
30.84360429704179	-0.005934489873545053
30.87118027733634	-0.005948708681041181
30.89875625763089	-0.005962939667798369
30.92633223792544	-0.005977183327928505
30.95390821821999	-0.00599143964460223
30.98148419851454	-0.006005708602463087
31.00906017880909	-0.006019990189382793
31.03663615910364	-0.00603428441278903
31.06421213939819	-0.006048590961854921
31.09178811969274	-0.006062910457310114
31.11936409998729	-0.006077242407446976
31.14694008028184	-0.006091586595314738
31.17451606057639	-0.006105943693249578
31.20209204087094	-0.006120313332005647
31.22966802116549	-0.006134695516155591
31.25724400146004	-0.006149090237675603
31.28481998175459	-0.006163497486111236
31.31239596204914	-0.006177917250093174
31.33997194234369	-0.006192349517723792
31.36754792263824	-0.006206794276707795
31.39512390293279	-0.006221251514405192
31.42269988322734	-0.006235721332653811
31.45027586352189	-0.006250203478565197
31.47785184381644	-0.006264698053569181
31.50542782411099	-0.006279205044779947
31.53300380440554	-0.006293724439528094
31.56057978470009	-0.00630825622535986
31.58815576499464	-0.006322800390036436
31.61573174528919	-0.006337356921533328
31.64330772558374	-0.006351925808039742
31.67088370587829	-0.006366507037958043
31.69845968617284	-0.0063811005999032
31.72603566646739	-0.006395706482702292
31.75361164676194	-0.006410324675394022
31.78118762705649	-0.006424955167228225
31.80876360735104	-0.006439597947665441
31.83633958764559	-0.006454253006376451
31.86391556794014	-0.006468920333241851
31.89149154823469	-0.00648359991835163
31.91906752852924	-0.006498291752004746
31.94664350882379	-0.006512995824708729
31.97421948911834	-0.006527712127179269
32.00179546941289	-0.006542440650339821
32.02937144970744	-0.006557181385321212
32.05694743000199	-0.00657193432346125
32.08452341029654	-0.006586699456304346
32.11209939059109	-0.006601476775601122
32.13967537088564	-0.006616266273308039
32.16725135118019	-0.006631067941587026
32.19482733147474	-0.006645881772805088
32.22240331176929	-0.006660707759533954
