0
1000	105.6583745	100000000000000.1
5	0	0	1
5	0	0	0
4.673998997513734	2.525264285208888e-11
4.701574977808284	5.44299454032332e-11
4.729150958102834	8.544663473771746e-11
4.756726938397384	1.202811115116194e-10
4.784302918691934	1.591806035284397e-10
4.811878898986484	2.020744758474061e-10
4.839454879281035	2.488143035674248e-10
4.867030859575585	2.992429245276417e-10
4.894606839870135	3.532174284440984e-10
4.922182820164685	4.106162764837771e-10
4.949758800459235	4.713403544946222e-10
4.977334780753785	5.353116866714662e-10
5.004910761048335	6.024713480414588e-10
5.032486741342885	6.727772297013642e-10
5.060062721637435	7.462019278686728e-10
5.087638701931986	8.227308561026546e-10
5.115214682226536	9.02360602749839e-10
5.142790662521086	9.850975220519677e-10
5.170366642815636	1.070956534326364e-09
5.197942623110186	1.159960107178795e-09
5.225518603404736	1.252137390646651e-09
5.253094583699286	1.34752348181896e-09
5.280670563993836	1.44615879764043e-09
5.308246544288386	1.548088537777005e-09
5.335822524582936	1.653362222221482e-09
5.363398504877487	1.762033290796826e-09
5.390974485172037	1.874158753813684e-09
5.418550465466587	1.989798884896728e-09
5.446126445761137	2.109016947829394e-09
5.473702426055687	2.231878944808461e-09
5.501278406350237	2.358486302428937e-09
5.528854386644787	2.48893034719591e-09
5.556430366939337	2.62319054498258e-09
5.584006347233887	2.761368429890987e-09
5.611582327528438	2.903574121204187e-09
5.639158307822988	3.049823102009374e-09
5.666734288117538	3.200161758944847e-09
5.694310268412088	3.354777588745444e-09
5.721886248706638	3.513686022709164e-09
5.749462229001188	3.676961839557369e-09
5.777038209295738	3.844748314997927e-09
5.804614189590288	4.017083903774846e-09
5.832190169884838	4.194121080319772e-09
5.859766150179389	4.375900932419727e-09
5.887342130473939	4.56253640439933e-09
5.914918110768489	4.754220086670294e-09
5.942494091063039	4.950925701582491e-09
5.970070071357589	5.152853614481983e-09
5.997646051652139	5.360100824864929e-09
6.025222031946689	5.572769044783328e-09
6.052798012241239	5.79103826133506e-09
6.080373992535789	6.014995424014966e-09
6.107949972830339	6.244776846708705e-09
6.13552595312489	6.480506558419921e-09
6.16310193341944	6.722288569651989e-09
6.19067791371399	6.970350961382333e-09
6.21825389400854	7.224771516498527e-09
6.24582987430309	7.485519295739033e-09
6.27340585459764	7.753366527782581e-09
6.30098183489219	8.027890587163393e-09
6.32855781518674	8.309387859904999e-09
6.35613379548129	8.598052373671713e-09
6.383709775775841	8.894153477956741e-09
6.411285756070391	9.197807434489472e-09
6.438861736364941	9.509144577913163e-09
6.466437716659491	9.828484361893239e-09
6.494013696954041	1.015592760791903e-08
6.521589677248591	1.049180954246396e-08
6.549165657543141	1.083626934569329e-08
6.576741637837691	1.118944660459563e-08
6.604317618132241	1.155122220260492e-08
6.631893598426791	1.19231375505555e-08
6.659469578721342	1.230410673002845e-08
6.687045559015892	1.269488552180215e-08
6.714621539310442	1.309558619463588e-08
6.742197519604992	1.35066323310954e-08
6.769773499899542	1.392815766396665e-08
6.797349480194092	1.436051453298984e-08
6.824925460488642	1.480389112853974e-08
6.852501440783192	1.525868778966733e-08
6.880077421077742	1.572524661955192e-08
6.907653401372293	1.620370172211703e-08
6.935229381666843	1.669454939348307e-08
6.962805361961393	1.719792372170147e-08
6.990381342255943	1.771430924384308e-08
7.017957322550493	1.824402677908483e-08
7.045533302845043	1.878733420544506e-08
7.073109283139593	1.934468740797235e-08
7.100685263434143	1.991649508529274e-08
7.128261243728693	2.050300376151736e-08
7.155837224023244	2.110466268348058e-08
7.183413204317794	2.172189727601845e-08
7.210989184612344	2.235519687162199e-08
7.238565164906894	2.300480711036001e-08
7.266141145201444	2.367122119821278e-08
7.293717125495994	2.435501700336893e-08
7.321293105790544	2.505649287505104e-08
7.348869086085094	2.577617641822438e-08
7.376445066379644	2.651458549228198e-08
7.404021046674194	2.727227595871549e-08
7.431597026968745	2.804957047885142e-08
7.459173007263295	2.884709809777244e-08
7.486748987557845	2.966537531413077e-08
7.514324967852395	3.050515998888558e-08
7.541900948146945	3.136668900722558e-08
7.569476928441495	3.225071394521266e-08
7.597052908736045	3.315781181076463e-08
7.624628889030595	3.408857533407502e-08
7.652204869325145	3.504379172853931e-08
7.679780849619696	3.602386542289153e-08
7.707356829914246	3.702960403243766e-08
7.734932810208796	3.806171946813272e-08
7.762508790503346	3.912080914966504e-08
7.790084770797896	4.020780151777041e-08
7.817660751092446	4.132318285062235e-08
7.845236731386996	4.246781388483649e-08
7.872812711681546	4.364248901576925e-08
7.900388691976096	4.484751109363145e-08
7.927964672270646	4.608520402490304e-08
7.955540652565197	4.735505073836585e-08
7.983116632859747	4.865813678608626e-08
8.010692613154298	4.999558468011634e-08
8.038268593448848	5.13681811430509e-08
8.065844573743398	5.277688218004021e-08
8.093420554037948	5.422272847457855e-08
8.120996534332498	5.570680088433283e-08
8.148572514627048	5.722981847570748e-08
8.176148494921598	5.879295870933917e-08
8.203724475216148	6.039761229730739e-08
8.231300455510699	6.204302089326996e-08
8.258876435805249	6.373467832737885e-08
8.286452416099799	6.546991793279832e-08
8.314028396394349	6.725043092373834e-08
8.341604376688899	6.907848199964878e-08
8.369180356983449	7.095422600782295e-08
8.396756337277999	7.288033951969573e-08
8.424332317572549	7.485753966331484e-08
8.451908297867099	7.688595762502153e-08
8.47948427816165	7.896906879904022e-08
8.5070602584562	8.110685827354079e-08
8.53463623875075	8.330149426269313e-08
8.5622122190453	8.555392447352882e-08
8.58978819933985	8.786653091798169e-08
8.6173641796344	9.023997556376398e-08
8.64494015992895	9.26767752301617e-08
8.6725161402235	9.517775044696425e-08
8.70009212051805	9.774543718875089e-08
8.7276681008126	1.003809283656554e-07
8.755244081107151	1.030869820003275e-07
8.782820061401701	1.058641951341875e-07
8.810396041696251	1.08715766212336e-07
8.837972021990801	1.116422855144851e-07
8.865548002285351	1.146459446094849e-07
8.893123982579901	1.177313861304426e-07
8.920699962874451	1.208975232985436e-07
8.948275943169001	1.241483417089388e-07
8.975851923463551	1.27485120086424e-07
9.003427903758102	1.309112511242772e-07
9.031003884052652	1.344276937292324e-07
9.058579864347202	1.380375788202016e-07
9.086155844641752	1.417441678120004e-07
9.113731824936302	1.455018019060803e-07
9.141307805230852	1.494187783143668e-07
9.168883785525402	1.534101294359289e-07
9.196459765819952	1.57542817404443e-07
9.224035746114502	1.617359088163838e-07
9.251611726409052	1.661005400034897e-07
9.279187706703603	1.705316232004068e-07
9.306763686998153	1.751265094534944e-07
9.334339667292703	1.798388387026269e-07
9.361915647587253	1.847082079751877e-07
9.389491627881803	1.89698836671825e-07
9.417067608176353	1.947793212361051e-07
9.444643588470903	2.000540448341117e-07
9.472219568765453	2.054190189556256e-07
9.499795549060003	2.109886451220697e-07
9.527371529354554	2.166749815560498e-07
9.554947509649104	2.225601362694388e-07
9.582523489943654	2.285950753499829e-07
9.610099470238204	2.347472165584753e-07
9.637675450532754	2.411248813110472e-07
9.665251430827304	2.476182678845106e-07
9.692827411121854	2.543656288385615e-07
9.720403391416404	2.612795940828016e-07
9.747979371710954	2.683542847726204e-07
9.775555352005505	2.756572199048221e-07
9.803131332300055	2.83100021070955e-07
9.830707312594605	2.908246045715338e-07
9.858283292889155	2.987468206076656e-07
9.885859273183705	3.068378019822142e-07
9.913435253478255	3.152185447954694e-07
9.941011233772805	3.238137587025526e-07
9.968587214067355	3.326177479387214e-07
9.996163194361905	3.416920526779022e-07
10.02373917465646	3.510307572821101e-07
10.05131515495101	3.60558046167297e-07
10.07889113524556	3.704123069525558e-07
10.10646711554011	3.805444534598814e-07
10.13404309583466	3.908890631627292e-07
10.16161907612921	4.015847081440359e-07
10.18919505642376	4.125785294069923e-07
10.21677103671831	4.238299887753316e-07
10.24434701701286	4.354311225317469e-07
10.27192299730741	4.473596035153821e-07
10.29949897760196	4.595436772122753e-07
10.32707495789651	4.72150441419785e-07
10.35465093819106	4.850829804521882e-07
10.38222691848561	4.983120763103532e-07
10.40980289878016	5.119830130398384e-07
10.43737887907471	5.260235995202363e-07
10.46495485936926	5.40453798467913e-07
10.49253083966381	5.552383458596894e-07
10.52010681995836	5.70473176839501e-07
10.54768280025291	5.8613049677754e-07
10.57525878054746	6.021438436401934e-07
10.60283476084201	6.186854714076973e-07
10.63041074113656	6.35672520635997e-07
10.65798672143111	6.531278012199173e-07
10.68556270172566	6.709980740578364e-07
10.71313868202021	6.89426734931462e-07
10.74071466231476	7.083799313343685e-07
10.76829064260931	7.278446103804526e-07
10.79586662290386	7.477989388509885e-07
10.82344260319841	7.683542220508273e-07
10.85101858349296	7.894729371618596e-07
10.87859456378751	8.110936852109893e-07
10.90617054408206	8.334064969041723e-07
10.93374652437661	8.563203572108243e-07
10.96132250467116	8.798675779160624e-07
10.98889848496571	9.039855406039495e-07
11.01647446526026	9.288589259974927e-07
11.04405044555481	9.543688180090129e-07
11.07162642584936	9.806617558028641e-07
11.09920240614391	1.007638139524303e-06
11.12677838643846	1.035313195502469e-06
11.15435436673301	1.063793798676621e-06
11.18193034702756	1.093065211649172e-06
11.20950632732211	1.123134112573533e-06
11.23708230761666	1.153960671451382e-06
11.26465828791121	1.185732893527083e-06
11.29223426820576	1.218349148082694e-06
11.31981024850031	1.251874886072681e-06
11.34738622879486	1.286243139895914e-06
11.37496220908941	1.321652441918115e-06
11.40253818938396	1.358027365923928e-06
11.43011416967851	1.395341451170851e-06
11.45769014997306	1.433808835899703e-06
11.48526613026761	1.473220448285158e-06
11.51284211056216	1.513776549563326e-06
11.54041809085671	1.5554357664253e-06
11.56799407115126	1.598244837570468e-06
11.59557005144581	1.642229495874714e-06
11.62314603174036	1.6873526223987e-06
11.65072201203491	1.720286072672884e-06
11.67829799232946	1.781522306406413e-06
11.70587397262401	1.830556545695461e-06
11.73344995291856	1.880940854349735e-06
11.76102593321311	1.932630097830629e-06
11.78860191350766	1.985851508293168e-06
11.81617789380221	2.040490355939554e-06
11.84375387409676	2.096650931690454e-06
11.87132985439131	2.154357024844787e-06
11.89890583468586	2.213599421514735e-06
11.92648181498041	2.274530638364629e-06
11.95405779527496	2.33712754753369e-06
11.98163377556951	2.401451407628374e-06
12.00920975586406	2.467538364220654e-06
12.03678573615861	2.535358575511395e-06
12.06436171645316	2.605140571893218e-06
12.09193769674771	2.676832793010903e-06
12.11951367704226	2.750506767559914e-06
12.14708965733681	2.826198249829249e-06
12.17466563763136	2.903968898348492e-06
12.20224161792591	2.983792552529785e-06
12.22981759822046	3.065910462978492e-06
12.25739357851501	3.150278989095872e-06
12.28496955880956	3.236968072563681e-06
12.31254553910411	3.326037142512103e-06
12.34012151939866	3.417552336168295e-06
12.36769749969321	3.511523984422505e-06
12.39527347998776	3.608157195752103e-06
12.42284946028231	3.707427673484881e-06
12.45042544057686	3.809431633628342e-06
12.47800142087141	3.914236068779705e-06
12.50557740116597	4.021918630802467e-06
12.53315338146052	4.132476708036029e-06
12.56072936175507	4.24617599622938e-06
12.58830534204962	4.362988033183453e-06
12.61588132234417	4.483016143975072e-06
12.64345730263872	4.606339686647477e-06
12.67103328293327	4.73305863253337e-06
12.69860926322782	4.863148057407527e-06
12.72618524352237	4.996934564801987e-06
12.75376122381692	5.134373597130453e-06
12.78133720411147	5.275621411359733e-06
12.80891318440602	5.420733390970668e-06
12.83648916470057	5.569833555761017e-06
12.86406514499512	5.72302679307691e-06
12.89164112528967	5.880376532565561e-06
12.91921710558422	6.042109800912027e-06
12.94679308587877	6.208283732087926e-06
12.97436906617332	6.379029102493267e-06
13.00194504646787	6.554466613524404e-06
13.02952102676242	6.734719395863734e-06
13.05709700705697	6.919926008363348e-06
13.08467298735152	7.110125236379015e-06
13.11224896764607	7.305665654586926e-06
13.13982494794062	7.506567818605291e-06
13.16740092823517	7.712999514571902e-06
13.19497690852972	7.925096215521107e-06
13.22255288882427	8.14302159714145e-06
13.25012886911882	8.366933896049387e-06
13.27770484941337	8.596893656761244e-06
13.30528082970792	8.833296332135459e-06
13.33285681000247	9.076212377122344e-06
13.36043279029702	9.325754239093204e-06
13.38800877059157	9.582176461059266e-06
13.41558475088612	9.845644033784766e-06
13.44316073118067	1.011634994172845e-05
13.47073671147522	1.039449359947633e-05
13.49831269176977	1.068021402844793e-05
13.52588867206432	1.097386653372787e-05
13.55346465235887	1.127556953008097e-05
13.58104063265342	1.158558399306247e-05
13.60861661294797	1.190410575420207e-05
13.63619259324252	1.223138133679694e-05
13.66376857353707	1.256764892803358e-05
13.69134455383162	1.291315700156789e-05
13.71892053412617	1.326805401139023e-05
13.74649651442072	1.363282753919686e-05
13.77407249471527	1.400764626433004e-05
13.80164847500982	1.439270747536614e-05
13.82922445530437	1.478837916528498e-05
13.85680043559892	1.51949235626021e-05
13.88437641589347	1.561263837987898e-05
13.91195239618802	1.604183600704848e-05
13.93952837648257	1.64828227561842e-05
13.96710435677712	1.693582541706529e-05
13.99468033707167	1.74014039715171e-05
14.02225631736622	1.787975945161122e-05
14.04983229766077	1.83712729016775e-05
14.07740827795532	1.887628928867002e-05
14.10498425824987	1.93951799317826e-05
14.13256023854442	1.99283401065352e-05
14.16013621883897	2.047614570410291e-05
14.18771219913352	2.103900663122344e-05
14.21528817942807	2.161727118420218e-05
14.24286415972262	2.221150543906661e-05
14.27044014001717	2.282206137750382e-05
14.29801612031172	2.344940714183018e-05
14.32559210060627	2.409397858111045e-05
14.35316808090082	2.475629078804922e-05
14.38074406119537	2.543678938282347e-05
14.40832004148992	2.613599590091437e-05
14.43589602178447	2.685441704008366e-05
14.46347200207902	2.759246927974591e-05
14.49104798237357	2.835094141175732e-05
14.51862396266812	2.913026572746767e-05
14.54619994296267	2.993098121267772e-05
14.57377592325722	3.07537283007073e-05
14.60135190355177	3.159908240806101e-05
14.62892788384632	3.246767321599844e-05
14.65650386414087	3.336013537031032e-05
14.68407984443542	3.427712933419555e-05
14.71165582472997	3.52193287337951e-05
14.73923180502452	3.618730792526603e-05
14.76680778531907	3.71820327590098e-05
14.79438376561362	3.820411821862857e-05
14.82195974590817	3.925424954469535e-05
14.84953572620272	4.033327398767588e-05
14.87711170649727	4.144195698710935e-05
14.90468768679182	4.258111567587475e-05
14.93226366708637	4.375158817624667e-05
14.95983964738092	4.495423564180208e-05
14.98741562767547	4.618995097394268e-05
15.01499160797002	4.745962130749399e-05
15.04256758826457	4.876404342102193e-05
15.07014356855912	5.010458395654324e-05
15.09771954885368	5.148185353985886e-05
15.12529552914823	5.289704573152103e-05
15.15287150944278	5.435111388089375e-05
15.18044748973733	5.584515585210847e-05
15.20802347003188	5.738027072145575e-05
15.23559945032643	5.895758889188104e-05
15.26317543062098	6.057827042377714e-05
15.29075141091553	6.224350732353372e-05
15.31832739121008	6.395453120597064e-05
15.34590337150463	6.571246766813711e-05
15.37347935179918	6.751887204908923e-05
15.40105533209373	6.937496204430562e-05
15.42863131238828	7.128204775418965e-05
15.45620729268283	7.324158425498089e-05
15.48378327297738	7.525499427994925e-05
15.51135925327193	7.732376090305618e-05
15.53893523356648	7.944940683935119e-05
15.56651121386103	8.163349657505146e-05
15.59408719415558	8.387764346535054e-05
15.62166317445013	8.618348794481599e-05
15.64923915474468	8.855273464127995e-05
15.67681513503923	9.098700043001673e-05
15.70439111533378	9.348834535130311e-05
15.73196709562833	9.6058475237564e-05
15.75954307592288	9.869924686338147e-05
15.78711905621743	0.0001014126491211135
15.81469503651198	0.0001042006621473556
15.84227101680653	0.0001070653357996606
15.86984699710108	0.0001100087766520325
15.89742297739563	0.0001130331672841618
15.92499895769018	0.0001161407168878577
15.95257493798473	0.0001193337191842582
15.98015091827928	0.0001226145250370577
16.00772689857383	0.0001259854584287546
16.03530287886838	0.0001294491955210732
16.06287885916293	0.0001330081827179587
16.09045483945748	0.0001366649361450759
16.11803081975203	0.0001404224535909717
16.14560680004658	0.000144283202405917
16.17318278034113	0.0001482501195481371
16.20075876063568	0.000152326139072317
16.22833474093023	0.0001565142456593766
16.25591072122478	0.0001608175344503364
16.28348670151933	0.0001652391648355629
16.31106268181388	0.0001697823993573289
16.33863866210843	0.000174450582727492
16.36621464240298	0.0001792471496203698
16.39379062269753	0.0001841754986562656
16.42136660299208	0.0001892395158136976
16.44894258328663	0.0001944428744726764
16.47651856358118	0.0001997892881966935
16.50409454387573	0.0002052827333270889
16.53167052417028	0.000210927332448793
16.55924650446483	0.0002167271411082126
16.58682248475938	0.0002226864682480481
16.61439846505393	0.000228809702593385
16.64197444534848	0.0002351013533173616
16.66955042564303	0.0002415660550317706
16.69712640593758	0.0002482085685774724
16.72470238623213	0.0002550337850033538
16.75227836652668	0.0002620467369755887
16.77985434682123	0.0002692524316478764
16.80743032711578	0.0002766564986990544
16.83500630741033	0.0002842642207384104
16.86258228770488	0.000292081235248783
16.89015826799943	0.0003001131907826405
16.91773424829398	0.0003083661314410478
16.94531022858853	0.0003168460778439148
16.97288620888308	0.0003255592849248253
17.00046218917763	0.0003345121708820364
17.02803816947218	0.0003437113297432131
17.05561414976673	0.0003531635443249637
17.08319013006128	0.0003628757655606999
17.11076611035583	0.0003728551562175848
17.13834209065038	0.0003831090687060561
17.16591807094493	0.0003936450551495761
17.19349405123948	0.0004044708753425008
17.22107003153403	0.000415594430173888
17.24864601182858	0.0004270240769669129
17.27622199212313	0.0004387681534756521
17.30379797241768	0.0004508353018227694
17.33137395271223	0.0004632344317770238
17.35894993300678	0.0004759746609446944
17.38652591330133	0.0004890653893339906
17.41410189359588	0.0005025162497348876
17.44167787389043	0.0005163371588804357
17.46925385418498	0.0005305383000008524
17.49682983447953	0.0005451301366904103
17.52440581477408	0.0005601234190348803
17.55198179506863	0.0005755291996173289
17.57955777536318	0.0005913588244269754
17.60713375565773	0.0006076239702840991
17.63470973595228	0.0006243366071391408
17.66228571624683	0.0006415088879764835
17.68986169654139	0.0006591538207422922
17.71743767683594	0.0006772842288683169
17.74501365713049	0.0006959134678937145
17.77258963742504	0.0007150552346431828
17.80016561771959	0.0007347232103005504
17.82774159801414	0.0007549333032475559
17.85531757830869	0.0007756989695492133
17.88289355860324	0.0007970360296099588
17.91046953889779	0.0008189601112785864
17.93804551919234	0.0008414874632566545
17.96562149948689	0.0008646346650331063
17.99319747978144	0.0008884187577757794
18.02077346007599	0.0009128573005774379
18.04834944037054	0.0009379682843668925
18.07592542066509	0.0009637702284542205
18.10350140095964	0.0009902821429496732
18.13107738125419	0.001017523575600326
18.15865336154874	0.001045514433668943
18.18622934184329	0.001074275705220872
18.21380532213784	0.001103828403897861
18.24138130243239	0.001134194321270142
18.26895728272694	0.00116539580109103
18.29653326302149	0.001197455898825799
18.32410924331604	0.001230398216997034
18.35168522361059	0.00126424705760682
18.37926120390514	0.001299027360056758
18.40683718419969	0.001334764767386698
18.43441316449424	0.001371485609261551
18.46198914478879	0.001409217016429569
18.48956512508334	0.001447986736265814
18.51714110537789	0.001487823378545543
18.54471708567244	0.001528756312112686
18.57229306596699	0.001570815718680635
18.59986904626154	0.001614032602450068
18.62744502655609	0.001658438824198814
18.65502100685064	0.001704067139687398
18.68259698714519	0.001750951075295754
18.71017296743974	0.001799125399395864
18.73774894773429	0.001848625549516605
18.76532492802884	0.00189948801414109
18.79290090832339	0.001951750275539224
18.82047688861794	0.002005450900112069
18.84805286891249	0.002060629477757937
18.87562884920704	0.002117326703742514
18.90320482950159	0.002175584329245977
18.93078080979614	0.002235445390746612
18.95835679009069	0.002296953993445515
18.98593277038524	0.002360155498503168
19.01350875067979	0.002425096512051665
19.04108473097434	0.002491824964541835
19.06866071126889	0.002560389974956687
19.09623669156344	0.002630842173499886
19.12381267185799	0.002703233520137995
19.15138865215254	0.002777617387778035
19.17896463244709	0.002854048636247425
19.20654061274164	0.002932583635973327
19.23411659303619	0.003013280308421202
19.26169257333074	0.003096198003633306
19.28926855362529	0.003181398223041019
19.31684453391984	0.003268943640653515
19.34442051421439	0.003358898820914946
19.37199649450894	0.003451330073279009
19.39957247480349	0.003546305642562807
19.42714845509804	0.003643895547887866
19.45472443539259	0.003744171677399169
19.48230041568714	0.003847208254709727
19.50987639598169	0.003953081121394399
19.53745237627624	0.004061868334224159
19.56502835657079	0.004173650188041594
19.59260433686534	0.004288509145130416
19.62018031715989	0.004406529944254344
19.64775629745444	0.004527799651532344
19.67533227774899	0.004652407699509007
19.70290825804354	0.004780446047432956
19.73048423833809	0.004912009134735888
19.75806021863264	0.005047194030775573
19.78563619892719	0.005186100467689865
19.81321217922174	0.00532883093467289
19.84078815951629	0.00547549074358203
19.86836413981084	0.005626187872135042
19.89594012010539	0.005781033941137878
19.92351610039994	0.005940142961109653
19.95109208069449	0.006103632630876988
19.97866806098904	0.006271622797019203
20.00624404128359	0.006444238063530588
20.03382002157814	0.006621605743669863
20.06139600187269	0.006803856568230273
20.08897198216724	0.006991125086062915
20.11654796246179	0.007183549438758593
20.14412394275634	0.007381271637659303
20.17169992305089	0.007584437505751242
20.19927590334544	0.007793197253044714
20.22685188363999	0.00800770460516736
20.25442786393454	0.008228118034628421
20.2820038442291	0.008454600121259899
20.30957982452365	0.008687318036622036
20.3371558048182	0.008926443521025132
20.36473178511275	0.009172153051551108
20.3923077654073	0.009424627915525575
20.41988374570185	0.009684054471446098
20.4474597259964	0.009950624402461628
20.47503570629095	0.01022453412560588
20.5026116865855	0.01050598593318105
20.53018766688005	0.01079518758782884
20.5577636471746	0.01109235232596749
20.58533962746915	0.01139769982246726
20.6129156077637	0.01171145547825486
20.64049158805825	0.01203385030978277
20.6680675683528	0.01236512285300198
20.69564354864735	0.01270551747038112
20.7232195289419	0.01305528536906597
20.75079550923645	0.01341468476981951
20.778371489531	0.01378398089079698
20.80594746982555	0.01416344641635099
20.8335234501201	0.01455336118721868
20.86109943041465	0.01495401363093205
20.8886754107092	0.01536569909480531
20.91625139100375	0.01578872142737198
20.9438273712983	0.01622339304059389
20.97140335159285	0.01667003472660529
20.9989793318874	0.01712897627368273
21.02655531218195	0.01760055648124031
21.0541312924765	0.01808512342312745
21.08170727277105	0.01858303490177109
21.1092832530656	0.01909465849403932
21.13685923336015	0.0196203718399347
21.1644352136547	0.0201605631029772
21.19201119394925	0.02071563106612904
21.2195871742438	0.0212859855548707
21.24716315453835	0.021872047488746
21.2747391348329	0.02247424987757041
21.30231511512745	0.02309303683801739
21.329891095422	0.02372886574415023
21.35746707571655	0.02438220575341435
21.3850430560111	0.02505353923969634
21.41261903630565	0.02574336185134428
21.4401950166002	0.02645218299400377
21.46777099689475	0.02718052582602245
21.4953469771893	0.02792892825682689
21.52292295748385	0.02869794282719879
21.5504989377784	0.02948813721218304
21.57807491807295	0.03030009498350799
21.6056508983675	0.03113441555569224
21.63322687866205	0.03199171498025335
21.6608028589566	0.03287262623574668
21.68837883925115	0.03377779974723516
21.7159548195457	0.0347079038717583
21.74353079984025	0.03566362537862854
21.7711067801348	0.0366456698954832
21.79868276042935	0.03765476268204362
21.8262587407239	0.03869164776993356
21.85383472101845	0.03975709348773933
21.881410701313	0.04085188405157645
21.90898668160755	0.04197682841019269
21.9365626619021	0.04313275750219325
21.96413864219665	0.04432052478691294
21.9917146224912	0.04554100730437843
22.01929060278575	0.04679510631376883
22.0468665830803	0.04808374795885542
22.07444256337485	0.04940788364539189
22.1020185436694	0.05076849114793033
22.12959452396395	0.05216657551822747
22.1571705042585	0.0536031689618914
22.18474648455305	0.05507933233288578
22.2123224648476	0.05659615576105049
22.23989844514215	0.05815475930068231
22.2674744254367	0.05975629466791924
22.29505040573125	0.06140194294639707
22.3226263860258	0.0630929210369805
22.35020236632035	0.06483047703861408
22.3777783466149	0.06661589428783717
22.40535432690945	0.06845049133851946
22.432930307204	0.07033562305096612
22.46050628749855	0.07227268174035116
22.4880822677931	0.07426309775043015
22.51565824808765	0.07630834199062625
22.5432342283822	0.07840992405800426
22.57081020867675	0.08056939646318803
22.5983861889713	0.08278835406406951
22.62596216926585	0.08506843562206476
22.6535381495604	0.08741132540995246
22.68111412985495	0.08981875383645643
22.7086901101495	0.0922924990625336
22.73626609044405	0.09483438835964252
22.7638420707386	0.0974462989639987
22.79141805103315	0.1001301601872897
22.8189940313277	0.1028879547496894
22.84657001162225	0.1057217193011572
22.87414599191681	0.1086335469807281
22.90172197221136	0.1116255890847419
22.92929795250591	0.1147000555262441
22.95687393280046	0.1178592172523074
22.98444991309501	0.1211054084212085
23.01202589338956	0.1244410263262864
23.03960187368411	0.1278685355107887
23.06717785397866	0.1313904676399239
23.09475383427321	0.1350094245772221
23.12232981456776	0.1387280573911493
23.14990579486231	0.1425491802386648
23.17748177515686	0.1464755490442369
23.20505775545141	0.150510086497737
23.23263373574596	0.1546557739591532
23.26020971604051	0.1589156729174721
23.28778569633506	0.1632929318520987
23.31536167662961	0.1677907839185402
23.34293765692416	0.172412552139295
23.37051363721871	0.1771616512369855
23.39808961751326	0.1820415899208677
23.42566559780781	0.1870559737789309
23.45324157810236	0.1922085073247644
23.48081755839691	0.1975029978977919
23.50839353869146	0.2029433566368035
23.53596951898601	0.2085336041962026
23.56354549928056	0.214277870501704
23.59112147957511	0.2201803997520318
23.61869745986966	0.2262455533631718
23.64627344016421	0.2324778130033017
23.67384942045876	0.2388817835191675
23.70142540075331	0.245462197017826
23.72900138104786	0.2522239157082827
23.75657736134241	0.2591719361746829
23.78415334163696	0.2663113930948988
23.81172932193151	0.2736475613621948
23.83930530222606	0.2811858622666039
23.86688128252061	0.2889318663548648
23.89445726281516	0.2968912978624387
23.92203324310971	0.3050700385091314
23.94960922340426	0.3134741322208066
23.97718520369881	0.3221097893826673
24.00476118399336	0.3309833925624103
24.03233716428791	0.3401014985474518
24.05991314458246	0.3494708476580101
24.08748912487701	0.3590983606054511
24.11506510517156	0.3689911556398804
24.14264108546611	0.3791565429207648
24.17021706576066	0.3896020354136865
24.19779304605521	0.4003353527682054
24.22536902634976	0.4113644275366962
24.25294500664431	0.4226974115464256
24.28052098693886	0.4343426796258985
24.30809696723341	0.4463088423795026
24.33567294752796	0.4586047389908428
24.36324892782251	0.4712394608996394
24.39082490811706	0.4842223455943975
24.41840088841161	0.4975629893894036
24.44597686870616	0.5112712527211357
24.47355284900071	0.5253572680478952
24.50112882929526	0.5398314467105139
24.52870480958981	0.5547044883756914
24.55628078988436	0.5699873867571646
24.58385677017891	0.5856914359324159
24.61143275047346	0.6018282479036499
24.63900873076801	0.618409749314873
24.66658471106256	0.6354481971957485
24.69416069135711	0.6529561868730756
24.72173667165166	0.6709466602974786
24.74931265194621	0.6894329161852765
24.77688863224076	0.7084286214263088
24.80446461253531	0.7279478177847662
24.83204059282986	0.7480049353378743
24.85961657312441	0.768614798579963
24.88719255341896	0.7897926480154583
24.91476853371351	0.8115541381845305
24.94234451400806	0.8339153566289025
24.96992049430261	0.85689283543101
24.99749647459716	0.8805035617626208
25.02507245489171	0.90476499087849
25.05264843518626	0.9296950604075401
25.08022441548081	0.9553122015943596
25.10780039577536	0.9816353531562381
25.13537637606991	1.00868401025997
25.16295235636446	1.036478067766008
25.19052833665901	1.065038186280431
25.21810431695356	1.09438544190598
25.24568029724811	1.124541531883978
25.27325627754266	1.155528754983413
25.30083225783721	1.187370022699213
25.32840823813176	1.220088878132624
25.35598421842631	1.25370951505291
25.38356019872086	1.288256792397007
25.41113617901541	1.323756247526227
25.43871215930996	1.360234143454981
25.46628813960452	1.397717448504699
25.49386411989907	1.436233876366233
25.52144010019362	1.475811910246386
25.54901608048817	1.516480816195388
25.57659206078272	1.558270668089131
25.60416804107727	1.601212368196053
25.63174402137182	1.645337673190336
25.65932000166637	1.690678636275079
25.68689598196092	1.737270503496931
25.71447196225547	1.785146024514109
25.74204794255002	1.834341167859443
25.76962392284457	1.884892314532919
25.79719990313912	1.936836849272563
25.82477588343367	1.990213189244903
25.85235186372822	2.045060807254401
25.87992784402277	2.101420261524361
25.90750382431732	2.159333252862835
25.93507980461187	2.218842569194669
25.96265578490642	2.279992284965919
25.99023176520097	2.342827581582791
26.01780774549552	2.407394939539771
26.04538372579007	2.473742118039465
26.07295970608462	2.541918185588965
26.10053568637917	2.611973568049356
26.12811166667372	2.683960080054632
26.15568764696827	2.757930968158722
26.18326362726282	2.833940939738446
26.21083960755737	2.912046196901184
26.23841558785192	2.992304569326099
26.26599156814647	3.074775369334881
26.29356754844102	3.159519612941438
26.32114352873557	3.246599985334659
26.34871950903012	3.336080898944344
26.37629548932467	3.428028541980154
26.40387146961922	3.522510929683254
26.43144744991377	3.61959795562488
26.45902343020832	3.719361430218015
26.48659941050287	3.821875164981104
26.51417539079742	3.927214958895226
26.54175137109197	4.035458776187329
26.56932735138652	4.146686676694375
26.59690333168107	4.260980941464058
26.62447931197562	4.378426121325242
26.65205529227017	4.499109100561701
26.67963127256472	4.623119159002484
26.70720725285927	4.750548042495898
26.73478323315382	4.881490011070964
26.76235921344837	5.016041948982643
26.78993519374292	5.154303365234102
26.81751117403747	5.296376630783794
26.84508715433202	5.442366781279155
26.87266313462657	5.592381830985409
26.90023911492112	5.746532817065457
26.92781509521567	5.904933747049723
26.95539107551022	6.067701825645668
26.98296705580477	6.234957480404217
27.01054303609932	6.406824463488797
27.03811901639387	6.583429932915241
27.06569499668842	6.764904560590105
27.09327097698297	6.951382605365038
27.12084695727752	7.143002077555886
27.14842293757207	7.339904713404638
27.17599891786662	7.54223626134213
27.20357489816117	7.750146393154091
27.23115087845572	7.963788958941098
27.25872685875027	8.183322043579894
27.28630283904482	8.408908079649615
27.31387881933937	8.640714030978007
27.34145479963392	8.878911386935327
27.36903077992847	9.12367642264616
27.39660676022302	9.375190463849055
27.42418274051757	9.633639063693199
27.45175872081212	9.899213927175927
27.47933470110667	10.17211156107468
27.50691068140122	10.45253383635657
27.53448666169577	10.74068827893951
27.56206264199032	11.03678813315491
27.58963862228487	11.34105251450957
27.61721460257942	11.65370662533816
27.64479058287397	11.9749818349596
27.67236656316852	12.30511571499649
27.69994254346307	12.64435300334198
27.72751852375762	12.99294438094204
27.75509450405217	13.35114806214608
27.78267048434672	13.71922903459906
27.81024646464127	14.09745974180133
27.83782244493582	14.48612011605766
27.86539842523037	14.88549781273956
27.89297440552492	15.29588842051619
27.92055038581947	15.71759568679784
27.94812636611402	16.15093185678684
27.97570234640857	16.59621720048323
28.00327832670312	17.0537818313628
28.03085430699767	17.52396417801413
28.05843028729223	18.00711230837186
28.08600626758678	18.50358381503416
28.11358224788133	19.01374617683189
28.14115822817588	19.53797700934304
28.16873420847043	20.07666434894714
28.19631018876498	20.63020693223551
28.22388616905953	21.19901471065095
28.25146214935408	21.7835077254058
28.27903812964863	22.38412031747045
28.30661410994318	23.00129585313952
28.33419009023773	23.63549139953826
28.36176607053228	24.28717677785006
28.38934205082683	24.95683403560169
28.41691803112138	25.64495903810703
28.44449401141593	26.35206116433477
28.47206999171048	27.07866386670614
28.49964597200503	27.82530504374739
28.52722195229958	28.59253742941579
28.55479793259413	29.3809284272888
28.58237391288868	30.19106331965818
28.60994989318323	31.02354052275344
28.63752587347778	31.87897620651656
28.66510185377233	32.75800424919255
28.69267783406688	33.66127529276261
28.72025381436143	34.58945805202598
28.74782979465598	35.5432396436006
28.77540577495053	36.52332628583932
28.80298175524508	37.53044357900706
28.83055773553963	38.56533714867172
28.85813371583418	39.62877328396053
28.88570969612873	40.72153906743011
28.91328567642328	41.84444402624454
28.94086165671783	42.99831914234517
28.96843763701238	44.18401898560227
28.99601361730693	45.40242140580361
29.02358959760148	46.6544285569424
29.05116557789603	47.94096744690766
29.07874155819058	49.26299068717223
29.10631753848513	50.62147712497858
29.13389351877968	52.01743271286764
29.16146949907423	53.45189109414731
29.18904547936878	54.92591402043458
29.21662145966333	56.44059363149227
29.24419743995788	57.99705185146601
29.27177342025243	59.59644012922612
29.29934940054698	61.23994331212469
29.32692538084153	62.92877839653828
29.35450136113608	64.66419602450492
29.38207734143063	66.44748126159512
29.40965332172518	68.27995468366484
29.43722930201973	70.16297332677217
29.46480528231428	72.09793157989296
29.49238126260883	74.08626245084169
29.51995724290338	76.12943805419003
29.54753322319793	78.22897238764266
29.57510920349248	80.38641946381325
29.60268518378703	82.60337955361605
29.63026116408158	84.88148686712225
29.65783714437613	87.22243681502519
29.68541312467068	89.62796049115957
29.71298910496523	92.09983887275266
29.74056508525978	94.63990246200318
29.76814106555433	97.25003382651177
29.79571704584888	99.93216472877643
29.82329302614343	102.6882821359016
29.85086900643798	105.5204274978885
29.87844498673253	108.4306977766264
29.90602096702708	111.4212494282559
29.93359694732163	114.4942959043806
29.96117292761618	117.6521153502602
29.98874890791073	120.8970455195178
30.01632488820528	124.231489970527
30.04390086849983	127.6579185928633
30.07147684879438	131.1788692883472
30.09905282908893	134.7969500357862
30.12662880938348	138.5148407854914
30.15420478967803	142.3352954645243
30.18178076997258	146.261143980304
30.20935675026713	150.2952942523831
30.23693273056168	154.4407363444943
30.26450871085623	158.700535174269
30.29208469115078	163.0778527281527
30.31966067144533	167.5759289431307
30.34723665173988	172.1980959233592
30.37481263203443	176.9477779015757
30.40238861232898	181.8284927212915
30.42996459262353	186.8438566696914
30.45754057291808	191.9975854084232
30.48511655321263	197.2934943324545
30.51269253350718	202.7355096841153
30.54026851380173	208.3276621907351
30.56784449409628	214.0740958532252
30.59542047439083	219.9790617243687
30.62299645468539	226.0469418319028
30.65057243497994	232.2822286278229
30.67814841527449	238.6895415101286
30.70572439556904	245.2736274180391
30.73330037586359	252.0393643203332
30.76087635615814	258.9917647954068
30.78845233645269	266.135980732753
30.81602831674724	273.4773014494619
30.84360429704179	281.0211701401032
30.87118027733634	288.7731746719232
30.89875625763089	296.7390588482885
30.92633223792544	304.9247223826158
30.95390821821999	313.3362345873207
30.98148419851454	321.9798245852439
31.00906017880909	330.8618974105099
31.03663615910364	339.9890341424207
31.06421213939819	349.367997714697
31.09178811969274	359.005737440383
31.11936409998729	368.9093956344993
31.14694008028184	379.0863062615883
31.17451606057639	389.5440151527437
31.20209204087094	400.2902700811746
31.22966802116549	411.3330279713764
31.25724400146004	422.6805020131847
31.28481998175459	434.3410354037429
31.31239596204914	446.3233267821354
31.33997194234369	458.6362389260419
31.36754792263824	471.2888935892115
31.39512390293279	484.2906672454425
31.42269988322734	497.6511948094332
31.45027586352189	511.3803773215309
31.47785184381644	525.4883871786786
31.50542782411099	539.9856813457753
31.53300380440554	554.883002773083
31.56057978470009	570.1913866725895
31.58815576499464	585.9221884087196
31.61573174528919	602.087047020418
31.64330772558374	618.6979735723623
31.67088370587829	635.7672512165433
31.69845968617284	653.3075375610713
31.72603566646739	671.3318329642749
31.75361164676194	689.8534950170805
31.78118762705649	708.8862507874367
31.80876360735104	728.4442066076759
31.83633958764559	748.5418555249472
31.86391556794014	769.1940954758487
31.89149154823469	790.4162354663451
31.91906752852924	812.2239902271625
31.94664350882379	834.6335390976195
31.97421948911834	857.661488698528
32.00179546941289	881.3248997388831
32.02937144970744	905.6413179029332
32.05694743000199	930.6287632230801
32.08452341029654	956.305756818638
32.11209939059109	982.6913304196127
32.13967537088564	1009.805041813427
32.16725135118019	1037.666988633827
32.19482733147474	1066.297820008019
32.22240331176929	1095.718761848466
0
1000	105.6583745	100000000000000.1
5	0	0	1
5	0	0	0
4.673998997513734	-1.074910606678828e-11
4.701574977808284	-9.820461367239413e-12
4.729150958102834	-1.061764089797493e-11
4.756726938397384	-1.157074826058311e-11
4.784302918691934	-1.247519310302359e-11
4.811878898986484	-1.328679874574074e-11
4.839454879281035	-1.400099562684479e-11
4.867030859575585	-1.462505745685667e-11
4.894606839870135	-1.516944385074711e-11
4.922182820164685	-1.564475449018476e-11
4.949758800459235	-1.606066401659755e-11
4.977334780753785	-1.642562201788405e-11
5.004910761048335	-1.674685499004208e-11
5.032486741342885	-1.703048051990781e-11
5.060062721637435	-1.728165354023535e-11
5.087638701931986	-1.750471124192005e-11
5.115214682226536	-1.770330382113673e-11
5.142790662521086	-1.788050736628914e-11
5.170366642815636	-1.803891911897879e-11
5.197942623110186	-1.818073688209343e-11
5.225518603404736	-1.830782479499653e-11
5.253094583699286	-1.84217676623711e-11
5.280670563993836	-1.852391579894307e-11
5.308246544288386	-1.861542207213688e-11
5.335822524582936	-1.869727254911098e-11
5.363398504877487	-1.877031190804555e-11
5.390974485172037	-1.883526456367685e-11
5.418550465466587	-1.889275228471418e-11
5.446126445761137	-1.894330837039418e-11
5.473702426055687	-1.898738996409368e-11
5.501278406350237	-1.903661695297242e-11
5.528854386644787	-1.906743512571409e-11
5.556430366939337	-1.909201833474288e-11
5.584006347233887	-1.911079960302539e-11
5.611582327528438	-1.912418523444115e-11
5.639158307822988	-1.913255758951576e-11
5.666734288117538	-1.913627627944977e-11
5.694310268412088	-1.913567908612802e-11
5.721886248706638	-1.913108286431957e-11
5.749462229001188	-1.912278447363812e-11
5.777038209295738	-1.911111868840988e-11
5.804614189590288	-1.909622356719596e-11
5.832190169884838	-1.90784027854793e-11
5.859766150179389	-1.905788393154652e-11
5.887342130473939	-1.903487946142122e-11
5.914918110768489	-1.900958758117429e-11
5.942494091063039	-1.898219310195767e-11
5.970070071357589	-1.895286826247282e-11
5.997646051652139	-1.892177351492588e-11
6.025222031946689	-1.888905827129657e-11
6.052798012241239	-1.885727875330331e-11
6.080373992535789	-1.882142704898252e-11
6.107949972830339	-1.878415963677036e-11
6.13552595312489	-1.874565444306218e-11
6.16310193341944	-1.870606351775545e-11
6.19067791371399	-1.866553147218105e-11
6.21825389400854	-1.862419561718538e-11
6.24582987430309	-1.858218564528968e-11
6.27340585459764	-1.853962339673458e-11
6.30098183489219	-1.849662276200308e-11
6.32855781518674	-1.845224029218972e-11
6.35613379548129	-1.840881829274491e-11
6.383709775775841	-1.836531836480215e-11
6.411285756070391	-1.832180411056901e-11
6.438861736364941	-1.827833150201782e-11
6.466437716659491	-1.823494974023425e-11
6.494013696954041	-1.819170201398029e-11
6.521589677248591	-1.814862617005639e-11
6.549165657543141	-1.810575530636432e-11
6.576741637837691	-1.806311829712965e-11
6.604317618132241	-1.802062564407398e-11
6.631893598426791	-1.797854394851982e-11
6.659469578721342	-1.793676924685046e-11
6.687045559015892	-1.789531320480336e-11
6.714621539310442	-1.78541941023225e-11
6.742197519604992	-1.781341535313644e-11
6.769773499899542	-1.777298644861687e-11
6.797349480194092	-1.773291345902097e-11
6.824925460488642	-1.769320100600005e-11
6.852501440783192	-1.765385246686737e-11
6.880077421077742	-1.761491730104197e-11
6.907653401372293	-1.757629646061114e-11
6.935229381666843	-1.753804052160253e-11
6.962805361961393	-1.750015009575738e-11
6.990381342255943	-1.746262524073157e-11
7.017957322550493	-1.742546552031881e-11
7.045533302845043	-1.738867005865758e-11
7.073109283139593	-1.73522375890282e-11
7.100685263434143	-1.731616649778342e-11
7.128261243728693	-1.728045486389893e-11
7.155837224023244	-1.724507274039453e-11
7.183413204317794	-1.721007669429e-11
7.210989184612344	-1.717543475541009e-11
7.238565164906894	-1.714114364470923e-11
7.266141145201444	-1.710719987709075e-11
7.293717125495994	-1.707359979560078e-11
7.321293105790544	-1.70403396013703e-11
7.348869086085094	-1.700741537981778e-11
7.376445066379644	-1.697482312356086e-11
7.404021046674194	-1.694255875243045e-11
7.431597026968745	-1.6910589700196e-11
7.459173007263295	-1.687897232287738e-11
7.486748987557845	-1.684767223656449e-11
7.514324967852395	-1.681668474902878e-11
7.541900948146945	-1.678600512544017e-11
7.569476928441495	-1.67556286099193e-11
7.597052908736045	-1.672555044351685e-11
7.624628889030595	-1.669576587915246e-11
7.652204869325145	-1.666627019396445e-11
7.679780849619696	-1.663705869945293e-11
7.707356829914246	-1.660809023261851e-11
7.734932810208796	-1.657943844206449e-11
7.762508790503346	-1.655105926376227e-11
7.790084770797896	-1.652294755823235e-11
7.817660751092446	-1.64950982472309e-11
7.845236731386996	-1.646750632586726e-11
7.872812711681546	-1.644016687054645e-11
7.900388691976096	-1.641307504357187e-11
7.927964672270646	-1.638622609500939e-11
7.955540652565197	-1.635961536222644e-11
7.983116632859747	-1.633328314285661e-11
8.010692613154298	-1.630711308205812e-11
8.038268593448848	-1.628115876939052e-11
8.065844573743398	-1.62554120583848e-11
8.093420554037948	-1.622986096468284e-11
8.120996534332498	-1.620447683441425e-11
8.148572514627048	-1.617907943348978e-11
8.176148494921598	-1.615535354634674e-11
8.203724475216148	-1.613007292291827e-11
8.231300455510699	-1.61054347359195e-11
8.258876435805249	-1.608083577353174e-11
8.286452416099799	-1.605666273299837e-11
8.314028396394349	-1.603266792678175e-11
8.341604376688899	-1.600884744545495e-11
8.369180356983449	-1.598519741548125e-11
8.396756337277999	-1.596171399732277e-11
8.424332317572549	-1.593839338286261e-11
8.451908297867099	-1.591523179225184e-11
8.47948427816165	-1.589222547024913e-11
8.5070602584562	-1.586937068208686e-11
8.53463623875075	-1.584664640939898e-11
8.5622122190453	-1.582409049441248e-11
8.58978819933985	-1.580167282296195e-11
8.6173641796344	-1.57793902560217e-11
8.64494015992895	-1.575723935048347e-11
8.6725161402235	-1.573521655363319e-11
8.70009212051805	-1.571331827232168e-11
8.7276681008126	-1.569154090072235e-11
8.755244081107151	-1.566988083200742e-11
8.782820061401701	-1.564833446300766e-11
8.810396041696251	-1.562685876579241e-11
8.837972021990801	-1.560553117207028e-11
8.865548002285351	-1.558431020936752e-11
8.893123982579901	-1.556319241487254e-11
8.920699962874451	-1.554217417221891e-11
8.948275943169001	-1.552125166532816e-11
8.975851923463551	-1.550042081692643e-11
9.003427903758102	-1.5479677205044e-11
9.031003884052652	-1.545901594723003e-11
9.058579864347202	-1.543843153631174e-11
9.086155844641752	-1.533299715759284e-11
9.113731824936302	-1.533412145978511e-11
9.141307805230852	-1.533578040604888e-11
9.168883785525402	-1.533295258257342e-11
9.196459765819952	-1.53286617588532e-11
9.224035746114502	-1.532365280827205e-11
9.251611726409052	-1.531828264287824e-11
9.279187706703603	-1.531274507156507e-11
9.306763686998153	-1.530715146164231e-11
9.334339667292703	-1.530156759932185e-11
9.361915647587253	-1.529533014649768e-11
9.389491627881803	-1.529003436063142e-11
9.417067608176353	-1.528482466203693e-11
9.444643588470903	-1.527969549857819e-11
9.472219568765453	-1.527464136949845e-11
9.499795549060003	-1.526965688450795e-11
9.527371529354554	-1.526473679911237e-11
9.554947509649104	-1.525987603465288e-11
9.582523489943654	-1.525506968839286e-11
9.610099470238204	-1.525031303708759e-11
9.637675450532754	-1.524563823171684e-11
9.665251430827304	-1.524096611375456e-11
9.692827411121854	-1.523632749664613e-11
9.720403391416404	-1.523171773181411e-11
9.747979371710954	-1.522713158940321e-11
9.775555352005505	-1.522256185070587e-11
9.803131332300055	-1.52179931189192e-11
9.830707312594605	-1.521334641906768e-11
9.858283292889155	-1.520977218507684e-11
9.885859273183705	-1.520471935445828e-11
9.913435253478255	-1.52000862277415e-11
9.941011233772805	-1.519561660843576e-11
9.968587214067355	-1.519114971175214e-11
9.996163194361905	-1.518668296072404e-11
10.02373917465646	-1.518221389594382e-11
10.05131515495101	-1.517774016968957e-11
10.07889113524556	-1.517325954028052e-11
10.10646711554011	-1.516876986659035e-11
10.13404309583466	-1.51642691026427e-11
10.16161907612921	-1.515975529220654e-11
10.18919505642376	-1.515523361514094e-11
10.21677103671831	-1.515068766725047e-11
10.24434701701286	-1.5146122653927e-11
10.27192299730741	-1.51415369410876e-11
10.29949897760196	-1.513692898396359e-11
10.32707495789651	-1.51322973234703e-11
10.35465093819106	-1.512764058273859e-11
10.38222691848561	-1.512295746378515e-11
10.40980289878016	-1.511824674429943e-11
10.43737887907471	-1.511350727452697e-11
10.46495485936926	-1.51087416548522e-11
10.49253083966381	-1.510394116337679e-11
10.52010681995836	-1.509910857511141e-11
10.54768280025291	-1.509424303541196e-11
10.57525878054746	-1.508934376124636e-11
10.60283476084201	-1.508441003821949e-11
10.63041074113656	-1.507944121772475e-11
10.65798672143111	-1.507443671421006e-11
10.68556270172566	-1.506939600254719e-11
10.71313868202021	-1.506431861549417e-11
10.74071466231476	-1.50592095465639e-11
10.76829064260931	-1.505405704876141e-11
10.79586662290386	-1.504886637927872e-11
10.82344260319841	-1.504363734615925e-11
10.85101858349296	-1.50383698202313e-11
10.87859456378751	-1.503306373148525e-11
10.90617054408206	-1.502771906568434e-11
10.93374652437661	-1.502233586118618e-11
10.96132250467116	-1.501691420595473e-11
10.98889848496571	-1.501145423474518e-11
11.01647446526026	-1.500596074876539e-11
11.04405044555481	-1.500042414850288e-11
11.07162642584936	-1.499484957006072e-11
11.09920240614391	-1.498923738312186e-11
11.12677838643846	-1.498358799992855e-11
11.15435436673301	-1.497790187132638e-11
11.18193034702756	-1.497217948322237e-11
11.20950632732211	-1.496642135339704e-11
11.23708230761666	-1.496062802862123e-11
11.26465828791121	-1.495480008203589e-11
11.29223426820576	-1.49489368045293e-11
11.31981024850031	-1.494304157383607e-11
11.34738622879486	-1.493711367400314e-11
11.37496220908941	-1.493115374401196e-11
11.40253818938396	-1.492516243555783e-11
11.43011416967851	-1.491914041185713e-11
11.45769014997306	-1.491308834650858e-11
11.48526613026761	-1.490700692240583e-11
11.51284211056216	-1.490089683069873e-11
11.54041809085671	-1.489475876980132e-11
11.56799407115126	-1.488859253878555e-11
11.59557005144581	-1.488240074796036e-11
11.62314603174036	-1.487618319096052e-11
11.65072201203491	-1.48699405764009e-11
11.67829799232946	-1.486367361243019e-11
11.70587397262401	-1.485738300615437e-11
11.73344995291856	-1.485106946308967e-11
11.76102593321311	-1.484473368664392e-11
11.78860191350766	-1.483837637762561e-11
11.81617789380221	-1.483199823377958e-11
11.84375387409676	-1.482559898088347e-11
11.87132985439131	-1.48191813447293e-11
11.89890583468586	-1.481274502147009e-11
11.92648181498041	-1.480629068117412e-11
11.95405779527496	-1.479981898549599e-11
11.98163377556951	-1.479333058760721e-11
12.00920975586406	-1.478682613213537e-11
12.03678573615861	-1.478030625511171e-11
12.06436171645316	-1.477377158392687e-11
12.09193769674771	-1.47672227372947e-11
12.11951367704226	-1.476065907746475e-11
12.14708965733681	-1.47540838417108e-11
12.17466563763136	-1.474749632785757e-11
12.20224161792591	-1.474089710251641e-11
12.22981759822046	-1.47342867202236e-11
12.25739357851501	-1.472766572390773e-11
12.28496955880956	-1.472103464531251e-11
12.31254553910411	-1.471439400538049e-11
12.34012151939866	-1.470774431460263e-11
12.36769749969321	-1.470108607333801e-11
12.39527347998776	-1.469441760225359e-11
12.42284946028231	-1.468774402904795e-11
12.45042544057686	-1.468106348051669e-11
12.47800142087141	-1.467437638097054e-11
12.50557740116597	-1.466768314546295e-11
12.53315338146052	-1.466098418049944e-11
12.56072936175507	-1.465427988459338e-11
12.58830534204962	-1.464757064870745e-11
12.61588132234417	-1.464085685660916e-11
12.64345730263872	-1.463413888516095e-11
12.67103328293327	-1.462741801155372e-11
12.69860926322782	-1.462069273257889e-11
12.72618524352237	-1.461396428275055e-11
12.75376122381692	-1.460723301025936e-11
12.78133720411147	-1.460049925899518e-11
12.80891318440602	-1.459376336901505e-11
12.83648916470057	-1.458702567727628e-11
12.86406514499512	-1.458028651883558e-11
12.89164112528967	-1.457354622891229e-11
12.91921710558422	-1.456680514665976e-11
12.94679308587877	-1.456006911494116e-11
12.97436906617332	-1.45533280832404e-11
13.00194504646787	-1.45465869802432e-11
13.02952102676242	-1.453984605765418e-11
13.05709700705697	-1.453310555981762e-11
13.08467298735152	-1.452636572362442e-11
13.11224896764607	-1.451962677839705e-11
13.13982494794062	-1.451288894575529e-11
13.16740092823517	-1.450615243946318e-11
13.19497690852972	-1.449941746525631e-11
13.22255288882427	-1.449268490707962e-11
13.25012886911882	-1.448595353297728e-11
13.27770484941337	-1.447922419527658e-11
13.30528082970792	-1.447249706772338e-11
13.33285681000247	-1.44657723182626e-11
13.36043279029702	-1.445905010906829e-11
13.38800877059157	-1.445233059657289e-11
13.41558475088612	-1.44456139314954e-11
13.44316073118067	-1.443890025886852e-11
13.47073671147522	-1.443218971806495e-11
13.49831269176977	-1.442548270180956e-11
13.52588867206432	-1.441877874553055e-11
13.55346465235887	-1.441207675776215e-11
13.58104063265342	-1.440538173836852e-11
13.60861661294797	-1.439868859479044e-11
13.63619259324252	-1.439199932679091e-11
13.66376857353707	-1.43853140100108e-11
13.69134455383162	-1.43786327412963e-11
13.71892053412617	-1.437195561753555e-11
13.74649651442072	-1.43652827328558e-11
13.77407249471527	-1.435861429807667e-11
13.80164847500982	-1.435195015845846e-11
13.82922445530437	-1.434529050248516e-11
13.85680043559892	-1.433863541340174e-11
13.88437641589347	-1.433198497035103e-11
13.91195239618802	-1.432533924918416e-11
13.93952837648257	-1.431869832275417e-11
13.96710435677712	-1.431206226106324e-11
13.99468033707167	-1.430543113135836e-11
14.02225631736622	-1.429880499820565e-11
14.04983229766077	-1.429218398584071e-11
14.07740827795532	-1.428556802370632e-11
14.10498425824987	-1.427895723098519e-11
14.13256023854442	-1.427235166265096e-11
14.16013621883897	-1.426575137156486e-11
14.18771219913352	-1.425915640852238e-11
14.21528817942807	-1.425256682229894e-11
14.24286415972262	-1.424598265969461e-11
14.27044014001717	-1.423940396557786e-11
14.29801612031172	-1.423283078292839e-11
14.32559210060627	-1.422626325189402e-11
14.35316808090082	-1.421970118395509e-11
14.38074406119537	-1.421314475344031e-11
14.40832004148992	-1.420659399061722e-11
14.43589602178447	-1.420004892808675e-11
14.46347200207902	-1.419350959806888e-11
14.49104798237357	-1.41869760317269e-11
14.51862396266812	-1.418044825896098e-11
14.54619994296267	-1.417392630834537e-11
14.57377592325722	-1.416741020711803e-11
14.60135190355177	-1.416089998652936e-11
14.62892788384632	-1.415439565980886e-11
14.65650386414087	-1.414789725599563e-11
14.68407984443542	-1.414140479724469e-11
14.71165582472997	-1.413491830449851e-11
14.73923180502452	-1.412843779751748e-11
14.76680778531907	-1.412196329490973e-11
14.79438376561362	-1.41154948141604e-11
14.82195974590817	-1.410903237166037e-11
14.84953572620272	-1.410257598273431e-11
14.87711170649727	-1.409612566172328e-11
14.90468768679182	-1.408968142174932e-11
14.93226366708637	-1.408324327520929e-11
14.95983964738092	-1.407681123344485e-11
14.98741562767547	-1.407038530686313e-11
15.01499160797002	-1.406396550496095e-11
15.04256758826457	-1.40575518363486e-11
15.07014356855912	-1.405114430877318e-11
15.09771954885368	-1.40447429291414e-11
15.12529552914823	-1.403834770354206e-11
15.15287150944278	-1.403195872243582e-11
15.18044748973733	-1.402557579512321e-11
15.20802347003188	-1.401919904144446e-11
15.23559945032643	-1.401282846041475e-11
15.26317543062098	-1.400646405285075e-11
15.29075141091553	-1.400010581971873e-11
15.31832739121008	-1.399375376166333e-11
15.34590337150463	-1.398740787884525e-11
15.37347935179918	-1.398106817088124e-11
15.40105533209373	-1.397473463682378e-11
15.42863131238828	-1.396840729096016e-11
15.45620729268283	-1.396208609774123e-11
15.48378327297738	-1.395577107109137e-11
15.51135925327193	-1.394946220802724e-11
15.53893523356648	-1.39431595050652e-11
15.56651121386103	-1.393686295823395e-11
15.59408719415558	-1.393057256308661e-11
15.62166317445013	-1.392428831471224e-11
15.64923915474468	-1.391801020774669e-11
15.67681513503923	-1.391173823638291e-11
15.70439111533378	-1.390547236314213e-11
15.73196709562833	-1.389921266404237e-11
15.75954307592288	-1.389295906825769e-11
15.78711905621743	-1.388671157585104e-11
15.81469503651198	-1.388047018098109e-11
15.84227101680653	-1.387423487626228e-11
15.86984699710108	-1.386800565359165e-11
15.89742297739563	-1.386178250438878e-11
15.92499895769018	-1.385556541968596e-11
15.95257493798473	-1.384935439016907e-11
15.98015091827928	-1.384314941953559e-11
16.00772689857383	-1.383695047025955e-11
16.03530287886838	-1.383075754506272e-11
16.06287885916293	-1.382457063346753e-11
16.09045483945748	-1.381838972478104e-11
16.11803081975203	-1.381221480809933e-11
16.14560680004658	-1.380604587231171e-11
16.17318278034113	-1.37998829061046e-11
16.20075876063568	-1.379372589796528e-11
16.22833474093023	-1.378757483618529e-11
16.25591072122478	-1.378142974251245e-11
16.28348670151933	-1.377529053335896e-11
16.31106268181388	-1.376915723214063e-11
16.33863866210843	-1.37630298267053e-11
16.36621464240298	-1.37569083048008e-11
16.39379062269753	-1.375079265408747e-11
16.42136660299208	-1.374468286214687e-11
16.44894258328663	-1.37385789164884e-11
16.47651856358118	-1.373248080455491e-11
16.50409454387573	-1.372638851372755e-11
16.53167052417028	-1.372030206187421e-11
16.55924650446483	-1.371422137194973e-11
16.58682248475938	-1.370814646258325e-11
16.61439846505393	-1.37020773213133e-11
16.64197444534848	-1.369601393572993e-11
16.66955042564303	-1.368995629347303e-11
16.69712640593758	-1.36839043822316e-11
16.72470238623213	-1.367785818974349e-11
16.75227836652668	-1.367181770379573e-11
16.77985434682123	-1.366578291222536e-11
16.80743032711578	-1.365975319627027e-11
16.83500630741033	-1.365373088000579e-11
16.86258228770488	-1.364771272464525e-11
16.89015826799943	-1.364170050467273e-11
16.91773424829398	-1.363569396247378e-11
16.94531022858853	-1.36296930584183e-11
16.97288620888308	-1.362369777333355e-11
17.00046218917763	-1.361770809287062e-11
17.02803816947218	-1.361172400435373e-11
17.05561414976673	-1.360574549585152e-11
17.08319013006128	-1.359977257915816e-11
17.11076611035583	-1.359380519255138e-11
17.13834209065038	-1.35878433510182e-11
17.16591807094493	-1.358188704398171e-11
17.19349405123948	-1.357593626098604e-11
17.22107003153403	-1.356999099170093e-11
17.24864601182858	-1.356405122592634e-11
17.27622199212313	-1.355811695359723e-11
17.30379797241768	-1.355218816478855e-11
17.33137395271223	-1.35462648497203e-11
17.35894993300678	-1.354034700152861e-11
17.38652591330133	-1.353443460349772e-11
17.41410189359588	-1.352852765041445e-11
17.44167787389043	-1.352262613385639e-11
17.46925385418498	-1.351673004665634e-11
17.49682983447953	-1.351083938524006e-11
17.52440581477408	-1.350495416265427e-11
17.55198179506863	-1.349907467578453e-11
17.57955777536318	-1.349319945830076e-11
17.60713375565773	-1.348733048955234e-11
17.63470973595228	-1.348146696650611e-11
17.66228571624683	-1.347560862172249e-11
17.68986169654139	-1.346975563683858e-11
17.71743767683594	-1.346390800394069e-11
17.74501365713049	-1.345806571525191e-11
17.77258963742504	-1.345222876312938e-11
17.80016561771959	-1.344639714005989e-11
17.82774159801414	-1.344057083865375e-11
17.85531757830869	-1.343474985163667e-11
17.88289355860324	-1.342893417183958e-11
17.91046953889779	-1.342312381395189e-11
17.93804551919234	-1.341731872646131e-11
17.96562149948689	-1.341151892301266e-11
17.99319747978144	-1.340572439659838e-11
18.02077346007599	-1.339993514033478e-11
18.04834944037054	-1.339415114746017e-11
18.07592542066509	-1.338837241133301e-11
18.10350140095964	-1.338259892543002e-11
18.13107738125419	-1.337683068334497e-11
18.15865336154874	-1.337106767878862e-11
18.18622934184329	-1.336530992842605e-11
18.21380532213784	-1.335955737939239e-11
18.24138130243239	-1.335381004785765e-11
18.26895728272694	-1.334806792788917e-11
18.29653326302149	-1.33423310136755e-11
18.32410924331604	-1.333659929952824e-11
18.35168522361059	-1.333087277988313e-11
18.37926120390514	-1.332515144930035e-11
18.40683718419969	-1.331943530246456e-11
18.43441316449424	-1.331372433418452e-11
18.46198914478879	-1.330801854300851e-11
18.48956512508334	-1.330231791652267e-11
18.51714110537789	-1.32966224534204e-11
18.54471708567244	-1.329093214900323e-11
18.57229306596699	-1.328524699870904e-11
18.59986904626154	-1.327956699811283e-11
18.62744502655609	-1.327389214292761e-11
18.65502100685064	-1.326822242900529e-11
18.68259698714519	-1.326255785233794e-11
18.71017296743974	-1.325689840905937e-11
18.73774894773429	-1.325124407719978e-11
18.76532492802884	-1.324559488442622e-11
18.79290090832339	-1.323995081261645e-11
18.82047688861794	-1.323431185477175e-11
18.84805286891249	-1.322867772563812e-11
18.87562884920704	-1.322304933042351e-11
18.90320482950159	-1.321742570906185e-11
18.93078080979614	-1.321180720036487e-11
18.95835679009069	-1.320619379707341e-11
18.98593277038524	-1.320058549570761e-11
19.01350875067979	-1.319498233189992e-11
19.04108473097434	-1.318938422733836e-11
19.06866071126889	-1.318379121744827e-11
19.09623669156344	-1.317820330176452e-11
19.12381267185799	-1.317262051296562e-11
19.15138865215254	-1.316704270877553e-11
19.17896463244709	-1.316147005984401e-11
19.20654061274164	-1.31559024899019e-11
19.23411659303619	-1.315034000127868e-11
19.26169257333074	-1.314478259300358e-11
19.28926855362529	-1.313923021309809e-11
19.31684453391984	-1.313368294968407e-11
19.34442051421439	-1.312814073083585e-11
19.37199649450894	-1.312260389307921e-11
19.39957247480349	-1.311707171931241e-11
19.42714845509804	-1.311154474649475e-11
19.45472443539259	-1.310602285571495e-11
19.48230041568714	-1.310050603788252e-11
19.50987639598169	-1.309499428978667e-11
19.53745237627624	-1.308948760940401e-11
19.56502835657079	-1.308398600375668e-11
19.59260433686534	-1.307848945213338e-11
19.62018031715989	-1.307299796327169e-11
19.64775629745444	-1.306751153566684e-11
19.67533227774899	-1.30620301677322e-11
19.70290825804354	-1.305655385778392e-11
19.73048423833809	-1.305108260402441e-11
19.75806021863264	-1.304561640452465e-11
19.78563619892719	-1.304015525720533e-11
19.81321217922174	-1.303469915981694e-11
19.84078815951629	-1.302924811307167e-11
19.86836413981084	-1.302380210786519e-11
19.89594012010539	-1.301836114430143e-11
19.92351610039994	-1.301292521920571e-11
19.95109208069449	-1.300749432911727e-11
19.97866806098904	-1.300206847025448e-11
20.00624404128359	-1.299664763846665e-11
20.03382002157814	-1.299123182914777e-11
20.06139600187269	-1.298582103700931e-11
20.08897198216724	-1.298041525506064e-11
20.11654796246179	-1.297501449972658e-11
20.14412394275634	-1.296961873136133e-11
20.17169992305089	-1.29642279571816e-11
20.19927590334544	-1.295884216997742e-11
20.22685188363999	-1.295346136197226e-11
20.25442786393454	-1.294808552478939e-11
20.2820038442291	-1.294271464941785e-11
20.30957982452365	-1.293734872617791e-11
20.3371558048182	-1.293198774468628e-11
20.36473178511275	-1.292663169382126e-11
20.3923077654073	-1.292128056200362e-11
20.41988374570185	-1.291593433557335e-11
20.4474597259964	-1.291059300163647e-11
20.47503570629095	-1.290525654590465e-11
20.5026116865855	-1.289992495325713e-11
20.53018766688005	-1.289459820776812e-11
20.5577636471746	-1.288927629282573e-11
20.58533962746915	-1.288395919156659e-11
20.6129156077637	-1.287864688884111e-11
20.64049158805825	-1.287333938791651e-11
20.6680675683528	-1.28680365533893e-11
20.69564354864735	-1.286273850251885e-11
20.7232195289419	-1.285744523253887e-11
20.75079550923645	-1.285215637439181e-11
20.778371489531	-1.284687238710122e-11
20.80594746982555	-1.284159300121604e-11
20.8335234501201	-1.283631821169376e-11
20.86109943041465	-1.283104799331178e-11
20.8886754107092	-1.282578231760455e-11
20.91625139100375	-1.282052115457053e-11
20.9438273712983	-1.281526448982144e-11
20.97140335159285	-1.281001225690499e-11
20.9989793318874	-1.280476443853629e-11
21.02655531218195	-1.279952100092817e-11
21.0541312924765	-1.279428190962796e-11
21.08170727277105	-1.278904712957948e-11
21.1092832530656	-1.278381662519124e-11
21.13685923336015	-1.277859036041048e-11
21.1644352136547	-1.277336829880313e-11
21.19201119394925	-1.276815040363927e-11
21.2195871742438	-1.276293666835849e-11
21.24716315453835	-1.275772699236923e-11
21.2747391348329	-1.275252136923793e-11
21.30231511512745	-1.274731976231078e-11
21.329891095422	-1.274212213527273e-11
21.35746707571655	-1.273692845225214e-11
21.3850430560111	-1.273173867792612e-11
21.41261903630565	-1.272655277762578e-11
21.4401950166002	-1.272137071744041e-11
21.46777099689475	-1.271619246431988e-11
21.4953469771893	-1.271101799561359e-11
21.52292295748385	-1.270584726076456e-11
21.5504989377784	-1.270068023919301e-11
21.57807491807295	-1.269551690220838e-11
21.6056508983675	-1.269035722229686e-11
21.63322687866205	-1.268520117290108e-11
21.6608028589566	-1.268004872738809e-11
21.68837883925115	-1.267489985253284e-11
21.7159548195457	-1.266975431011371e-11
21.74353079984025	-1.266461295756246e-11
21.7711067801348	-1.265947487251838e-11
21.79868276042935	-1.265434014661628e-11
21.8262587407239	-1.264920890430711e-11
21.85383472101845	-1.264408113631462e-11
21.881410701313	-1.263895683559193e-11
21.90898668160755	-1.263383599716133e-11
21.9365626619021	-1.262871861796485e-11
21.96413864219665	-1.262360469672014e-11
21.9917146224912	-1.261849423378061e-11
22.01929060278575	-1.261338723099931e-11
22.0468665830803	-1.260828380506031e-11
22.07444256337485	-1.260318371658537e-11
22.1020185436694	-1.25980870948933e-11
22.12959452396395	-1.259299394884336e-11
22.1571705042585	-1.258790428813486e-11
22.18474648455305	-1.258281812313714e-11
22.2123224648476	-1.257773546474171e-11
22.23989844514215	-1.257265632423367e-11
22.2674744254367	-1.256758071318001e-11
22.29505040573125	-1.256250864333265e-11
22.3226263860258	-1.25574400828209e-11
22.35020236632035	-1.255237514034196e-11
22.3777783466149	-1.254731377772369e-11
22.40535432690945	-1.254225600495272e-11
22.432930307204	-1.253720182935553e-11
22.46050628749855	-1.253215116285263e-11
22.4880822677931	-1.252710437084312e-11
22.51565824808765	-1.25220610573089e-11
22.5432342283822	-1.251702139222657e-11
22.57081020867675	-1.251198537948227e-11
22.5983861889713	-1.250695305202524e-11
22.62596216926585	-1.250192436742449e-11
22.6535381495604	-1.249689935757996e-11
22.68111412985495	-1.249187803152126e-11
22.7086901101495	-1.248686039807201e-11
22.73626609044405	-1.2481846465821e-11
22.7638420707386	-1.247683624309754e-11
22.79141805103315	-1.247182973795072e-11
22.8189940313277	-1.246682695813215e-11
22.84657001162225	-1.246182791108193e-11
22.87414599191681	-1.245683260071069e-11
22.90172197221136	-1.245184104004829e-11
22.92929795250591	-1.244685323291181e-11
22.95687393280046	-1.244186918552683e-11
22.98444991309501	-1.243688890377836e-11
23.01202589338956	-1.243191239321288e-11
23.03960187368411	-1.242693965904502e-11
23.06717785397866	-1.242197070617167e-11
23.09475383427321	-1.241700553920045e-11
23.12232981456776	-1.241204416251248e-11
23.14990579486231	-1.240708644153812e-11
23.17748177515686	-1.240213268441872e-11
23.20505775545141	-1.2397182711868e-11
23.23263373574596	-1.23922365365887e-11
23.26020971604051	-1.238729416422855e-11
23.28778569633506	-1.238235559832646e-11
23.31536167662961	-1.237742084147685e-11
23.34293765692416	-1.237248989570923e-11
23.37051363721871	-1.236756276264166e-11
23.39808961751326	-1.236263944355437e-11
23.42566559780781	-1.235771993122262e-11
23.45324157810236	-1.23528042440118e-11
23.48081755839691	-1.234789237337805e-11
23.50839353869146	-1.234298431941667e-11
23.53596951898601	-1.233808008200086e-11
23.56354549928056	-1.233317966079026e-11
23.59112147957511	-1.232828305523923e-11
23.61869745986966	-1.23233902646051e-11
23.64627344016421	-1.231850128795612e-11
23.67384942045876	-1.231361612417928e-11
23.70142540075331	-1.230873476075508e-11
23.72900138104786	-1.230385721849061e-11
23.75657736134241	-1.229898348592362e-11
23.78415334163696	-1.229411356166788e-11
23.81172932193151	-1.228924744433952e-11
23.83930530222606	-1.22843851326948e-11
23.86688128252061	-1.227952662594495e-11
23.89445726281516	-1.227467192461024e-11
23.92203324310971	-1.226982103346677e-11
23.94960922340426	-1.226497397682356e-11
23.97718520369881	-1.226013043454421e-11
24.00476118399336	-1.225529088838722e-11
24.03233716428791	-1.225045513103434e-11
24.05991314458246	-1.224562315956556e-11
24.08748912487701	-1.224079497103574e-11
24.11506510517156	-1.223597056245621e-11
24.14264108546611	-1.223114993078603e-11
24.17021706576066	-1.222633307292826e-11
24.19779304605521	-1.22215199857291e-11
24.22536902634976	-1.221671066597845e-11
24.25294500664431	-1.221190510751828e-11
24.28052098693886	-1.220710331322622e-11
24.30809696723341	-1.220230527660654e-11
24.33567294752796	-1.219751099419379e-11
24.36324892782251	-1.219272046247624e-11
24.39082490811706	-1.218793367789858e-11
24.41840088841161	-1.218315063686454e-11
24.44597686870616	-1.217837133573942e-11
24.47355284900071	-1.217359577085241e-11
24.50112882929526	-1.216882393849891e-11
24.52870480958981	-1.216405583372391e-11
24.55628078988436	-1.215929145529372e-11
24.58385677017891	-1.215453079820912e-11
24.61143275047346	-1.214977385864411e-11
24.63900873076801	-1.21450206327429e-11
24.66658471106256	-1.214027111662116e-11
24.69416069135711	-1.213552530636713e-11
24.72173667165166	-1.213078319804253e-11
24.74931265194621	-1.212604478768339e-11
24.77688863224076	-1.212131007130058e-11
24.80446461253531	-1.211657903288831e-11
24.83204059282986	-1.211185169147249e-11
24.85961657312441	-1.210712803308939e-11
24.88719255341896	-1.210240805438992e-11
24.91476853371351	-1.209769175271869e-11
24.94234451400806	-1.209297912753135e-11
24.96992049430261	-1.208827018750651e-11
24.99749647459716	-1.208356504433179e-11
25.02507245489171	-1.207886289824165e-11
25.05264843518626	-1.207416506055446e-11
25.08022441548081	-1.206947079168973e-11
25.10780039577536	-1.206478008439272e-11
25.13537637606991	-1.20600930198688e-11
25.16295235636446	-1.205540959403059e-11
25.19052833665901	-1.205072980279481e-11
25.21810431695356	-1.204605364208042e-11
25.24568029724811	-1.20413811078075e-11
25.27325627754266	-1.20367121958966e-11
25.30083225783721	-1.203204690226846e-11
25.32840823813176	-1.202738522284386e-11
25.35598421842631	-1.202272715267449e-11
25.38356019872086	-1.201807268950201e-11
25.41113617901541	-1.201342182836604e-11
25.43871215930996	-1.2008774565182e-11
25.46628813960452	-1.200413089586365e-11
25.49386411989907	-1.199949081632302e-11
25.52144010019362	-1.199485432247026e-11
25.54901608048817	-1.199022141021323e-11
25.57659206078272	-1.198559207545691e-11
25.60416804107727	-1.198096631410248e-11
25.63174402137182	-1.197634409126297e-11
25.65932000166637	-1.197172545648984e-11
25.68689598196092	-1.19671103817008e-11
25.71447196225547	-1.196249886136717e-11
25.74204794255002	-1.195789087198326e-11
25.76962392284457	-1.195328650572962e-11
25.79719990313912	-1.194868562464944e-11
25.82477588343367	-1.19440882912082e-11
25.85235186372822	-1.193949449543495e-11
25.87992784402277	-1.19349042324386e-11
25.90750382431732	-1.193031751431658e-11
25.93507980461187	-1.192573429948419e-11
25.96265578490642	-1.192115460556026e-11
25.99023176520097	-1.191657842847035e-11
26.01780774549552	-1.1912005764156e-11
26.04538372579007	-1.190743660857138e-11
26.07295970608462	-1.190287095768102e-11
26.10053568637917	-1.189830880745824e-11
26.12811166667372	-1.189375015388412e-11
26.15568764696827	-1.188919499294675e-11
26.18326362726282	-1.188464332007327e-11
26.21083960755737	-1.188009513247573e-11
26.23841558785192	-1.187555042555357e-11
26.26599156814647	-1.187100919530977e-11
26.29356754844102	-1.186647143775248e-11
26.32114352873557	-1.186193714889511e-11
26.34871950903012	-1.185740632475636e-11
26.37629548932467	-1.185287896136036e-11
26.40387146961922	-1.184835505473664e-11
26.43144744991377	-1.184383460092029e-11
26.45902343020832	-1.183931759530125e-11
26.48659941050287	-1.183480403524076e-11
26.51417539079742	-1.183029391619362e-11
26.54175137109197	-1.182578723422716e-11
26.56932735138652	-1.18212839854133e-11
26.59690333168107	-1.181678416582792e-11
26.62447931197562	-1.181228777154978e-11
26.65205529227017	-1.180779479865886e-11
26.67963127256472	-1.180330524323343e-11
26.70720725285927	-1.179881910134494e-11
26.73478323315382	-1.17943362062843e-11
26.76235921344837	-1.178985699639668e-11
26.78993519374292	-1.178538109122631e-11
26.81751117403747	-1.17809085741318e-11
26.84508715433202	-1.177643944834847e-11
26.87266313462657	-1.177197371180811e-11
26.90023911492112	-1.176751136131438e-11
26.92781509521567	-1.176305239331202e-11
26.95539107551022	-1.175859680410357e-11
26.98296705580477	-1.17541445899272e-11
27.01054303609932	-1.174969574418947e-11
27.03811901639387	-1.174525026917449e-11
27.06569499668842	-1.174080815788027e-11
27.09327097698297	-1.173636940643943e-11
27.12084695727752	-1.173193401098937e-11
27.14842293757207	-1.172750196767199e-11
27.17599891786662	-1.172307327263327e-11
27.20357489816117	-1.171864792202288e-11
27.23115087845572	-1.171422591199369e-11
27.25872685875027	-1.170980723870121e-11
27.28630283904482	-1.170539189001754e-11
27.31387881933937	-1.170097987830813e-11
27.34145479963392	-1.169657119264903e-11
27.36903077992847	-1.16921658295887e-11
27.39660676022302	-1.168776378595278e-11
27.42418274051757	-1.168336505923422e-11
27.45175872081212	-1.167896964892243e-11
27.47933470110667	-1.167457756317641e-11
27.50691068140122	-1.16701889068106e-11
27.53448666169577	-1.166580292926217e-11
27.56206264199032	-1.166142091737615e-11
27.58963862228487	-1.165704199046482e-11
27.61721460257942	-1.165266635171563e-11
27.64479058287397	-1.164829399746769e-11
27.67236656316852	-1.164392492404191e-11
27.69994254346307	-1.163955912775207e-11
27.72751852375762	-1.163519660490988e-11
27.75509450405217	-1.163083735182757e-11
27.78267048434672	-1.162648136481932e-11
27.81024646464127	-1.162212864020207e-11
27.83782244493582	-1.16177791756451e-11
27.86539842523037	-1.161343296461804e-11
27.89297440552492	-1.160909000485803e-11
27.92055038581947	-1.160475029271167e-11
27.94812636611402	-1.160041382453285e-11
27.97570234640857	-1.159608059668313e-11
28.00327832670312	-1.15917506055319e-11
28.03085430699767	-1.158742384745663e-11
28.05843028729223	-1.158310031884295e-11
28.08600626758678	-1.157878001608469e-11
28.11358224788133	-1.15744629342722e-11
28.14115822817588	-1.15701490725598e-11
28.16873420847043	-1.156583842604422e-11
28.19631018876498	-1.15615309911398e-11
28.22388616905953	-1.155722676426343e-11
28.25146214935408	-1.155292574183472e-11
28.27903812964863	-1.154862792027614e-11
28.30661410994318	-1.154433329601331e-11
28.33419009023773	-1.154004186547526e-11
28.36176607053228	-1.153575362509488e-11
28.38934205082683	-1.153146855897752e-11
28.41691803112138	-1.15271866811328e-11
28.44449401141593	-1.152290796237277e-11
28.47206999171048	-1.151863253563612e-11
28.49964597200503	-1.151436015613428e-11
28.52722195229958	-1.151009097360947e-11
28.55479793259413	-1.150582495981855e-11
28.58237391288868	-1.150156210871371e-11
28.60994989318323	-1.149730241606248e-11
28.63752587347778	-1.149304587803896e-11
28.66510185377233	-1.148879249824109e-11
28.69267783406688	-1.148454225826736e-11
28.72025381436143	-1.148029516103601e-11
28.74782979465598	-1.14760512030786e-11
28.77540577495053	-1.147181038095463e-11
28.80298175524508	-1.146757269125582e-11
28.83055773553963	-1.146333813060776e-11
28.85813371583418	-1.145910669567035e-11
28.88570969612873	-1.145487838313768e-11
28.91328567642328	-1.145065318973783e-11
28.94086165671783	-1.144643109889737e-11
28.96843763701238	-1.144221213532704e-11
28.99601361730693	-1.143799628237466e-11
29.02358959760148	-1.143378353677461e-11
29.05116557789603	-1.142957389523998e-11
29.07874155819058	-1.142536735446223e-11
29.10631753848513	-1.142116391111091e-11
29.13389351877968	-1.141696356183315e-11
29.16146949907423	-1.141276630325308e-11
29.18904547936878	-1.140857213197102e-11
29.21662145966333	-1.14043810413399e-11
29.24419743995788	-1.140019303357382e-11
29.27177342025243	-1.139600810313114e-11
29.29934940054698	-1.139182624693268e-11
29.32692538084153	-1.138764746219575e-11
29.35450136113608	-1.138347174686385e-11
29.38207734143063	-1.137929910105723e-11
29.40965332172518	-1.137512953422853e-11
29.43722930201973	-1.137096315403682e-11
29.46480528231428	-1.136679913169243e-11
29.49238126260883	-1.136263886889952e-11
29.51995724290338	-1.13584815165286e-11
29.54753322319793	-1.135432717799685e-11
29.57510920349248	-1.135017586940048e-11
29.60268518378703	-1.134602759206832e-11
29.63026116408158	-1.134188234432648e-11
29.65783714437613	-1.133774012357137e-11
29.68541312467068	-1.133360092684099e-11
29.71298910496523	-1.132946475101688e-11
29.74056508525978	-1.132533159290818e-11
29.76814106555433	-1.132120144062847e-11
29.79571704584888	-1.131707430953293e-11
29.82329302614343	-1.131295018693592e-11
29.85086900643798	-1.130882906947228e-11
29.87844498673253	-1.130471095378411e-11
29.90602096702708	-1.130059583652061e-11
29.93359694732163	-1.129648371433806e-11
29.96117292761618	-1.129237458389967e-11
29.98874890791073	-1.128826844187555e-11
30.01632488820528	-1.128416528494264e-11
30.04390086849983	-1.128006510370204e-11
30.07147684879438	-1.127596790696174e-11
30.09905282908893	-1.127187368599811e-11
30.12662880938348	-1.126778243769925e-11
30.15420478967803	-1.126369415904998e-11
30.18178076997258	-1.125960884723027e-11
30.20935675026713	-1.125552649987472e-11
30.23693273056168	-1.125144711591423e-11
30.26450871085623	-1.124737069943834e-11
30.29208469115078	-1.124329729803511e-11
30.31966067144533	-1.123922661853121e-11
30.34723665173988	-1.123515902645085e-11
30.37481263203443	-1.123109437801723e-11
30.40238861232898	-1.122703267009262e-11
30.42996459262353	-1.122297389953719e-11
30.45754057291808	-1.121891806320997e-11
30.48511655321263	-1.121486515796955e-11
30.51269253350718	-1.121081518067479e-11
30.54026851380173	-1.120676812818532e-11
30.56784449409628	-1.120272399736201e-11
30.59542047439083	-1.119868278732946e-11
30.62299645468539	-1.119464449030992e-11
30.65057243497994	-1.119060910533879e-11
30.67814841527449	-1.118657662927402e-11
30.70572439556904	-1.118254705898098e-11
30.73330037586359	-1.117852039133362e-11
30.76087635615814	-1.117449662321645e-11
30.78845233645269	-1.117047575152787e-11
30.81602831674724	-1.116645777318577e-11
30.84360429704179	-1.116244268513789e-11
30.87118027733634	-1.115843048552532e-11
30.89875625763089	-1.115442116947177e-11
30.92633223792544	-1.115041473508738e-11
30.95390821821999	-1.114641118002586e-11
30.98148419851454	-1.114241050306046e-11
31.00906017880909	-1.113841270731927e-11
31.03663615910364	-1.11344178303566e-11
31.06421213939819	-1.113042532205873e-11
31.09178811969274	-1.112643634624427e-11
31.11936409998729	-1.112245001653724e-11
31.14694008028184	-1.111846644310105e-11
31.17451606057639	-1.111448585151394e-11
31.20209204087094	-1.111050807130225e-11
31.22966802116549	-1.110653312784014e-11
31.25724400146004	-1.110256102398792e-11
31.28481998175459	-1.109859175869898e-11
31.31239596204914	-1.109462532979334e-11
31.33997194234369	-1.109066173466424e-11
31.36754792263824	-1.108670097051631e-11
31.39512390293279	-1.108274303446156e-11
31.42269988322734	-1.107878791953736e-11
31.45027586352189	-1.107483563160613e-11
31.47785184381644	-1.107088616301524e-11
31.50542782411099	-1.10669395107058e-11
31.53300380440554	-1.106299567162834e-11
31.56057978470009	-1.105905464274201e-11
31.58815576499464	-1.105511642101401e-11
31.61573174528919	-1.105118100341904e-11
31.64330772558374	-1.104724838693888e-11
31.67088370587829	-1.104331856856207e-11
31.69845968617284	-1.103939154528348e-11
31.72603566646739	-1.10354673141042e-11
31.75361164676194	-1.10315458720312e-11
31.78118762705649	-1.102762721607717e-11
31.80876360735104	-1.102371134326037e-11
31.83633958764559	-1.101979825060446e-11
31.86391556794014	-1.10158879351384e-11
31.89149154823469	-1.101198039389629e-11
31.91906752852924	-1.100807562391734e-11
31.94664350882379	-1.100417362224572e-11
31.97421948911834	-1.100027438593055e-11
32.00179546941289	-1.099637791202576e-11
32.02937144970744	-1.09924841975901e-11
32.05694743000199	-1.098859323968704e-11
32.08452341029654	-1.098470503538475e-11
32.11209939059109	-1.098081958175604e-11
32.13967537088564	-1.097693687587833e-11
32.16725135118019	-1.097305691483361e-11
32.19482733147474	-1.096917969570843e-11
32.22240331176929	-1.096530521559384e-11
